 A V P E_backup_full E_backup_repr E_loss_stor_full E_loss_stor_repr E_curt_full E_curt_repr E_sol_full E_sol_repr t_repr
0 20000.0 50000.0 3600000.0         6.808000087738037
1 20000.0 50000.0 3850000.0         4.787999868392944
2 20000.0 50000.0 4100000.0         4.8999998569488525
3 20000.0 50000.0 4350000.0 16592380.836997658 16605280.835863877 720636.8058188369 720413.7836181374 75397.595537396 34860.89458356 6658570.484883834 6625393.747316059 5.08299994468689
4 20000.0 50000.0 4600000.0 16585038.744825438 16597504.420475712 713294.7136478272 712637.3682289423 75397.595537396 34860.89458356 6658570.484883834 6625393.747316059 6.171999931335449
5 40000.0 50000.0 3600000.0         4.656999826431274
6 40000.0 50000.0 3850000.0         4.886999845504761
7 40000.0 50000.0 4100000.0 14027214.641901145 13988965.28185964 709087.3188457013 712367.985637265 4255748.9678347325 4086845.7804550435 9212187.19300798 9233663.503345195 5.403000116348267
8 40000.0 50000.0 4350000.0 14021212.744126163 13981230.03594641 703085.4210683812 704632.6433245769 4255748.9678347325 4086845.8768583583 9212187.19300798 9233663.406944053 5.4070000648498535
9 40000.0 50000.0 4600000.0 14017958.597951574 13973691.93680505 699831.2748941265 697095.6878489027 4255748.9678347325 4086844.7331908406 9212187.19300798 9233664.550609529 5.365999937057495
10 60000.0 50000.0 3600000.0         4.888999938964844
11 60000.0 50000.0 3850000.0 12226730.50313483 12242612.3453514 704325.326430931 716672.132218256 9193994.901906958 8996443.339268666 11007909.339356776 10984320.58642783 6.022000074386597
12 60000.0 50000.0 4100000.0 12222459.576220773 12234578.46363876 700054.3995160435 718470.4873600536 9193994.901906958 8986611.10241278 11007909.339356776 10994152.823285015 8.086999893188477
13 60000.0 50000.0 4350000.0 12219501.072566815 12226725.726482099 697095.8958600254 700776.3750626168 9193994.901906958 8996452.47755291 11007909.339356776 10984311.448144553 5.430999994277954
14 60000.0 50000.0 4600000.0 12216898.182801396 12220910.390576802 694493.0060953507 694965.9391836758 9193994.901906958 8996447.577526996 11007909.339356776 10984316.34817142 7.191999912261963
15 80000.0 50000.0 3600000.0  11363695.342646664  732076.4189022935  14762376.691786315  11878641.875810407 5.2190001010894775
16 80000.0 50000.0 3850000.0 10940857.160636373 11355690.80743602 696920.0748667055 722836.1611939542 14649494.891399235 14763612.414280357 12286377.430286905 11877406.153316077 5.483999967575073
17 80000.0 50000.0 4100000.0 10937984.567826312 11347874.86785954 694047.4820560425 699604.7073335318 14649494.891399235 14779027.928568348 12286377.430286905 11861990.639029842 5.707000017166138
18 80000.0 50000.0 4350000.0 10935465.780757817 11342269.704532506 691528.694986766 693989.043108916 14649494.891399235 14779038.429463381 12286377.430286905 11861980.138131551 7.811000108718872
19 80000.0 50000.0 4600000.0 10933258.05341923 11340158.203685246 689320.9232587955 691880.3947926548 14649494.935789015 14779035.576926295 12286377.385897128 11861982.990666972 5.718999862670898
20 20000.0 75000.0 3600000.0         4.611999988555908
21 20000.0 75000.0 3850000.0 16730294.266034873 16788242.999559138 933947.8303922749 938236.8418920046 0.0 0.0 6733968.080421236 6660254.64189962 5.4079999923706055
22 20000.0 75000.0 4100000.0 16721854.474449845 16776528.299103599 925508.0388079395 926522.1414364194 0.0 0.0 6733968.080421236 6660254.64189962 6.019999980926514
23 20000.0 75000.0 4350000.0 16714516.528060105 16766114.409983307 918170.0924179419 916108.2523164315 0.0 0.0 6733968.080421236 6660254.64189962 5.816999912261963
24 20000.0 75000.0 4600000.0 16708032.928895695 16759306.444029974 911686.4932547624 909300.286361268 0.0 0.0 6733968.080421236 6660254.64189962 5.460999965667725
25 40000.0 75000.0 3600000.0 13011181.561889742 12977417.363487104 938164.9969031352 943541.44188624 3010638.209766237 2844124.405834487 10457297.951076578 10476384.877965782 5.400000095367432
26 40000.0 75000.0 3850000.0 13004951.649977373 12969933.84872871 931935.0849920593 936057.2043708381 3010638.209766237 2844125.1285860273 10457297.951076578 10476384.155213472 5.230999946594238
27 40000.0 75000.0 4100000.0 12999509.11165627 12963141.713292487 926492.5466708048 929264.776553942 3010638.209766237 2844125.420969287 10457297.951076578 10476383.862830453 5.305999994277954
28 40000.0 75000.0 4350000.0 12995037.301928 12956590.679306425 922020.7369419056 922714.7275035491 3010638.209766237 2844124.436033797 10457297.951076578 10476384.847766433 5.45799994468689
29 40000.0 75000.0 4600000.0 12992854.275155906 12950200.68796358 919837.7101683369 916325.844470326 3010638.209766237 2844123.3277264573 10457297.951076578 10476385.956074333 5.3480000495910645
30 60000.0 75000.0 3600000.0 11177828.837460622 11201672.74241988 924867.2009509351 935140.2845686174 7924551.36171202 7737035.583986806 12277352.879552178 12243728.341710474 5.230000019073486
31 60000.0 75000.0 3850000.0 11172933.07150039 11194726.33246104 919971.4349917602 928192.9733957382 7924551.36171202 7737036.485196982 12277352.879552178 12243727.440498885 5.108000040054321
32 60000.0 75000.0 4100000.0 11169936.925297087 11187939.59794974 916975.2887881371 921408.6286943193 7924551.36171202 7737034.095395906 12277352.879552178 12243729.830300549 5.203999996185303
33 60000.0 75000.0 4350000.0 11168045.1950497 11181284.971670879 915083.5585407336 914752.5611337657 7924551.36171202 7737035.536669511 12277352.879552178 12243728.389025321 5.408999919891357
34 60000.0 75000.0 4600000.0 11166387.476091474 11175857.58568316 913425.8395829116 909324.7867859172 7924551.36171202 7737035.925037891 12277352.879552178 12243728.00065944 5.2789998054504395
35 80000.0 75000.0 3600000.0 9884990.89350674 10292673.7424307 915229.1709296823 948345.7381424117 13375319.528203664 13475085.772332162 13560552.79348106 13165932.795264084 5.39300012588501
36 80000.0 75000.0 3850000.0 9882161.85214294 10285929.480090901 912400.1295660993 920619.48905544 13375319.528203664 13496067.759077566 13560552.79348106 13144950.808517955 5.736999988555908
37 80000.0 75000.0 4100000.0 9880375.796248123 10279320.16908654 910614.073671583 914011.7961406817 13375319.528203664 13496066.140987871 13560552.79348106 13144952.426610932 5.369000196456909
38 80000.0 75000.0 4350000.0 9878814.222477587 10274084.1553854 909052.499901102 908767.6267521252 13375319.528203664 13496074.296673782 13560552.79348106 13144944.270922683 5.1540000438690186
39 80000.0 75000.0 4600000.0 9877453.835995076 10273113.724285854 907692.1134182368 907796.6207327642 13375319.528203664 13496074.87159628 13560552.79348106 13144943.695999743 5.1570000648498535
40 20000.0 100000.0 3600000.0 16916857.02339592 16974027.814828083 1120510.5877544046 1124021.65717075 0.0 0.0 6733968.080421236 6660254.64189962 4.76800012588501
41 20000.0 100000.0 3850000.0 16905751.012679726 16963016.433328234 1109404.57703877 1113010.275671364 0.0 0.0 6733968.080421236 6660254.64189962 5.042999982833862
42 20000.0 100000.0 4100000.0 16897919.992521748 16952344.600756623 1101573.556882179 1102338.4430990338 0.0 0.0 6733968.080421236 6660254.64189962 4.853999853134155
43 20000.0 100000.0 4350000.0 16891104.470962238 16942223.279011227 1094758.0353217414 1092217.1213528886 0.0 0.0 6733968.080421236 6660254.64189962 4.825000047683716
44 20000.0 100000.0 4600000.0 16885090.14739283 16936017.8457168 1088743.711754062 1086011.6880580299 0.0 0.0 6733968.080421236 6660254.64189962 5.102999925613403
45 40000.0 100000.0 3600000.0 11968222.640384307 11935776.978240348 1134788.5434371226 1140061.6029548119 1771055.7417248832 1605963.859520028 11696880.419118332 11714545.424280465 4.998000144958496
46 40000.0 100000.0 3850000.0 11963713.620577913 11929667.161723861 1130279.5236317043 1133951.433685224 1771055.7417248832 1605964.212269958 11696880.419118332 11714545.07152925 4.824000120162964
47 40000.0 100000.0 4100000.0 11959775.39540514 11923701.87778147 1126341.2984588658 1127986.1929481418 1771055.7417248832 1605964.1690661178 11696880.419118332 11714545.114733463 4.887999773025513
48 40000.0 100000.0 4350000.0 11956408.159510292 11917921.50776226 1122974.0625637057 1122206.3523698396 1771055.7417248832 1605963.639625248 11696880.419118332 11714545.644174961 4.9049999713897705
49 40000.0 100000.0 4600000.0 11954924.51974018 11912277.614018714 1121490.422794401 1116563.4093693595 1771055.7417248832 1605962.6888841782 11696880.419118332 11714546.594915524 6.765000104904175
50 60000.0 100000.0 3600000.0 10113583.116880018 10141812.43136454 1119444.3638622146 1125225.2436185952 6665728.478216697 6487090.313879833 13536175.763047313 13493673.611818716 4.927999973297119
51 60000.0 100000.0 3850000.0 10110091.843874 10135718.41262238 1115953.0908581968 1119130.746171939 6665728.478216697 6487090.792583371 13536175.763047313 13493673.133115571 5.246000051498413
52 60000.0 100000.0 4100000.0 10107981.333933596 10129743.242788201 1113842.5809170608 1113156.768289763 6665728.478216697 6487089.600632194 13536175.763047313 13493674.32506624 5.059999942779541
53 60000.0 100000.0 4350000.0 10106787.662383767 10124423.61929562 1112648.9093675807 1122902.0902506246 6665728.478216697 6472024.655182343 13536175.763047313 13508739.270516282 4.928999900817871
54 60000.0 100000.0 4600000.0 10105748.71579409 10122070.991982982 1111609.9627773915 1105483.616962699 6665728.478216697 6487090.501150841 13536175.763047313 13493673.424547482 4.946000099182129
55 80000.0 100000.0 3600000.0 8816835.838206079 9213067.57227546 1110392.7454685909 1134933.7562605229 12112000.89836377 12208891.584057681 14823871.423321364 14432126.983538643 4.94599986076355
56 80000.0 100000.0 3850000.0 8814912.70583274 9207142.47247092 1108469.6130966144 1111682.729990643 12112000.89836377 12226217.510521377 14823871.423321364 14414801.057074849 4.9019999504089355
57 80000.0 100000.0 4100000.0 8813826.596138176 9203609.545701398 1107383.5034013428 1131328.802492838 12112000.89836377 12203038.511249617 14823871.423321364 14437980.056346705 4.8999998569488525
58 80000.0 100000.0 4350000.0 8812883.430199016 9201381.73251158 1106440.3374622066 1105915.2948851194 12112000.89836377 12226224.205667473 14823871.423321364 14414794.361930778 5.661999940872192
59 80000.0 100000.0 4600000.0 8812069.259839317 9201221.44520758 1105626.1671020759 1105757.3163769331 12112000.89836377 12226221.896872597 14823871.423321364 14414796.670724807 5.697000026702881
60 20000.0 125000.0 3600000.0 17079087.392741144 17135371.520810995 1282740.9570999786 1285365.3631428748 0.0 0.0 6733968.080421236 6660254.64189962 5.778000116348267
61 20000.0 125000.0 3850000.0 17068396.30532876 17125087.933026053 1272049.8696881905 1275081.7753569086 0.0 0.0 6733968.080421236 6660254.64189962 5.593000173568726
62 20000.0 125000.0 4100000.0 17060982.734222043 17115154.40226518 1264636.2985831425 1265148.244594853 0.0 0.0 6733968.080421236 6660254.64189962 5.5320000648498535
63 20000.0 125000.0 4350000.0 17054525.562438242 17105519.14403416 1258179.12679761 1255512.986362344 0.0 0.0 6733968.080421236 6660254.64189962 5.5290000438690186
64 20000.0 125000.0 4600000.0 17048834.185390234 17099409.435555257 1252487.7497516617 1249403.2778854778 0.0 0.0 6733968.080421236 6660254.64189962 4.351000070571899
65 40000.0 125000.0 3600000.0 10918099.56935001 10885818.75849117 1321258.8149009892 1324164.7522238872 534462.39922654 371902.49049596995 12933473.761616165 12948606.793303953 4.846999883651733
66 40000.0 125000.0 3850000.0 10914860.523922857 10880344.86279354 1318019.7694743949 1318690.4987774899 534462.39922654 371902.8482472099 12933473.761616165 12948606.435552994 5.49399995803833
67 40000.0 125000.0 4100000.0 10912033.53489301 10874980.698314939 1315192.7804456016 1313326.463156868 534462.39922654 371902.71938729 12933473.761616165 12948606.564412631 5.234999895095825
68 40000.0 125000.0 4350000.0 10909573.33966669 10870505.016327534 1312732.585218712 1308850.781168243 534462.39922654 371902.71938729 12933473.761616165 12948606.564412631 4.559999942779541
69 40000.0 125000.0 4600000.0 10908525.127930516 10868188.20710545 1311684.3734838795 1306533.6005732294 534462.39922654 371903.09076318995 12933473.761616165 12948606.193036312 4.483999967575073
70 60000.0 125000.0 3600000.0 9043713.278936306 9074556.831417847 1301942.7488494941 1307861.8462883206 5413360.255281735 5237198.111263861 14788543.985982932 14743565.81443439 6.008000135421753
71 60000.0 125000.0 3850000.0 9041275.039937453 9069081.44846328 1299504.509852805 1312815.0744508242 5413360.255281735 5226769.500147652 14788543.985982932 14753994.42555069 6.295000076293945
72 60000.0 125000.0 4100000.0 9039804.63735186 9066487.315393379 1298034.1072674468 1313474.945209198 5413360.255281735 5223515.496320037 14788543.985982932 14757248.429378247 4.865000009536743
73 60000.0 125000.0 4350000.0 9039086.14362512 9064032.4584939 1297315.613539399 1297339.6576955873 5413360.255281735 5237195.926929905 14788543.985982932 14743567.998767199 5.805999994277954
74 60000.0 125000.0 4600000.0 9038468.400781337 9061765.72635294 1296697.870696064 1295072.5706360703 5413360.255281735 5237196.281849994 14788543.985982932 14743567.643846242 6.98199987411499
75 80000.0 125000.0 3600000.0 7743291.793046667 8129172.801891 1292432.131283506 1311503.628627041 10856417.46738251 10948426.941303771 16079454.85430114 15692591.626293276 4.9649999141693115
76 80000.0 125000.0 3850000.0 7742030.960863632 8126698.8346963795 1291171.29833199 1311620.3829792666 10856417.468150977 10945836.219758786 16079454.853532664 15695182.34783794 6.2149999141693115
77 80000.0 125000.0 4100000.0 7741405.680823271 8124295.15200066 1290546.018292737 1290007.2543203707 10856417.468150977 10965045.66571564 16079454.853532664 15675972.901882503 5.052000045776367
78 80000.0 125000.0 4350000.0 7740872.769040685 8122145.36034338 1290013.1065098008 1287856.271985074 10856417.468150977 10965046.856398864 16079454.853532664 15675971.711200256 4.928999900817871
79 80000.0 125000.0 4600000.0 7740420.480863705 8122033.798748939 1289560.8183322155 1287744.4707623606 10856417.468150977 10965047.096031852 16079454.853532664 15675971.471564995 5.183000087738037
