 A V P E_backup_full E_backup_repr E_loss_stor_full E_loss_stor_repr E_curt_full E_curt_repr E_sol_full E_sol_repr t_repr
0 20000.0 50000.0 3600000.0         4.004999876022339
1 20000.0 50000.0 3850000.0         4.16700005531311
2 20000.0 50000.0 4100000.0         5.6540000438690186
3 20000.0 50000.0 4350000.0  22113257.418448094  688003.5750239451  0.0  2238329.8314666757 6.493000030517578
4 20000.0 50000.0 4600000.0 21854538.057617407 22109003.068345502 686104.0970168937 683973.0153884795 0.0 0.0 2454607.4583434653 2238329.8314666757 6.270999908447266
5 40000.0 50000.0 3600000.0         4.625999927520752
6 40000.0 50000.0 3850000.0         5.493000030517578
7 40000.0 50000.0 4100000.0         5.944000005722046
8 40000.0 50000.0 4350000.0 19302437.06376168 19776499.84182719 716215.6111994324 712495.6804785712 0.0 0.0 4909214.9166870015 4476659.66293307 5.448000192642212
9 40000.0 50000.0 4600000.0 19292852.736871768 19772586.45796964 707110.500652589 708788.1513331668 0.0 0.0 4909214.9166870015 4476659.66293307 5.088000059127808
10 60000.0 50000.0 3600000.0         4.319999933242798
11 60000.0 50000.0 3850000.0         4.759999990463257
12 60000.0 50000.0 4100000.0         4.608999967575073
13 60000.0 50000.0 4350000.0 17811136.186691366 18311693.321148988 718607.9570548973 721827.373298589 1035479.2792680231 841244.45412777 6328343.095762517 5873745.040271951 5.442999839782715
14 60000.0 50000.0 4600000.0 17802734.210706 18307882.530731056 710625.8084183936 718218.8786846647 1035479.550717813 841242.61634006 6328342.82431272 5873746.878059539 5.236000061035156
15 80000.0 50000.0 3600000.0         4.42900013923645
16 80000.0 50000.0 3850000.0         4.990999937057495
17 80000.0 50000.0 4100000.0         4.892000198364258
18 80000.0 50000.0 4350000.0 16920610.382523663 17475702.218967676 714297.5444210961 720790.1755338125 2648397.636290072 2288595.80353866 7170032.197084365 6664723.52232862 6.681999921798706
19 80000.0 50000.0 4600000.0 16912627.51586621 17471925.587868836 706713.5676110379 717210.8753684002 2648397.8897744752 2288597.13375062 7170031.943599923 6664722.1921172105 5.416999816894531
20 20000.0 75000.0 3600000.0         6.545000076293945
21 20000.0 75000.0 3850000.0  22348740.08812112  911099.2111036879  0.0  2238329.8314666757 5.062999963760376
22 20000.0 75000.0 4100000.0 22088758.59971543 22331685.937965535 908613.6120130093 894942.1559697071 0.0 0.0 2454607.4583434653 2238329.8314666757 4.986000061035156
23 20000.0 75000.0 4350000.0 22076513.403140847 22323228.580704805 896980.6752662795 886929.6788765839 0.0 0.0 2454607.4583434653 2238329.8314666757 4.776000022888184
24 20000.0 75000.0 4600000.0 22065915.77019295 22319457.670430142 886912.9239635947 883357.1288132607 0.0 0.0 2454607.4583434653 2238329.8314666757 5.049000024795532
25 40000.0 75000.0 3600000.0         4.433000087738037
26 40000.0 75000.0 3850000.0 19531371.59926638 20000668.508356676 933703.419930575 924872.4609797206 0.0 0.0 4909214.9166870015 4476659.66293307 4.978000164031982
27 40000.0 75000.0 4100000.0 19518951.31136528 19991154.106609672 921904.1464247431 915858.5428324281 0.0 0.0 4909214.9166870015 4476659.66293307 5.098999977111816
28 40000.0 75000.0 4350000.0 19509275.863559186 19983120.457592405 912712.4710092264 908247.4857728172 0.0 0.0 4909214.9166870015 4476659.66293307 5.341000080108643
29 40000.0 75000.0 4600000.0 19500730.7410772 19979685.652205124 904594.6046506256 904993.3605555525 0.0 0.0 4909214.9166870015 4476659.66293307 5.36899995803833
30 60000.0 75000.0 3600000.0         5.449000120162964
31 60000.0 75000.0 3850000.0 16966249.892479107 17660657.53598852 951445.2568258119 946282.3082249004 0.0 0.0 7363822.37503029 6714989.494398949 7.041999816894531
32 60000.0 75000.0 4100000.0 16957962.426905293 17651520.43531949 943572.1645296622 937625.8440812291 0.0 0.0 7363822.37503029 6714989.494398949 5.763000011444092
33 60000.0 75000.0 4350000.0 16950758.23037074 17643956.828584794 936728.1778227141 930460.1037903382 0.0 0.0 7363822.37503029 6714989.494398949 4.92300009727478
34 60000.0 75000.0 4600000.0 16944390.194861066 17640687.79119522 930678.54408677 927363.0267198274 0.0 0.0 7363822.37503029 6714989.494398949 4.748000144958496
35 80000.0 75000.0 3600000.0         4.460000038146973
36 80000.0 75000.0 3850000.0 15859253.481663207 16423700.598552655 945875.6251627707 951513.1220838116 1408530.499734648 1061209.40400552 8409899.33363975 7892109.92186253 5.065000057220459
37 80000.0 75000.0 4100000.0 15851705.451814318 16414706.845663654 938704.9398226759 942996.1018793697 1408530.5567173 1061205.76736185 8409899.27665724 7892113.55850488 4.57699990272522
38 80000.0 75000.0 4350000.0 15845125.83616458 16408527.82945709 932454.3619387472 937139.4200178321 1408530.499734648 1061208.4662016202 8409899.33363975 7892110.85966544 5.0
39 80000.0 75000.0 4600000.0 15839309.789978268 16407066.026264703 926929.0159096755 935758.6809240525 1408530.60188408 1061204.29695522 8409899.23149037 7892115.02891228 4.64300012588501
40 20000.0 100000.0 3600000.0 22311826.77547999 22561569.74937866 1120528.3789886814 1112733.4490867842 0.0 0.0 2454607.4583434653 2238329.8314666757 5.0289998054504395
41 20000.0 100000.0 3850000.0 22293054.39661361 22537113.9159487 1102694.6190643234 1089564.0594962076 0.0 0.0 2454607.4583434653 2238329.8314666757 4.58299994468689
42 20000.0 100000.0 4100000.0 22276630.065591466 22519999.832875367 1087091.5045940843 1073350.2240815493 0.0 0.0 2454607.4583434653 2238329.8314666757 5.071000099182129
43 20000.0 100000.0 4350000.0 22265283.95916933 22511835.608273152 1076312.703494332 1065615.46005826 0.0 0.0 2454607.4583434653 2238329.8314666757 6.386000156402588
44 20000.0 100000.0 4600000.0 22255530.447990745 22508363.540092673 1067046.8678735238 1062326.0321793717 0.0 0.0 2454607.4583434653 2238329.8314666757 4.901000022888184
45 40000.0 100000.0 3600000.0 19731678.402889587 20203371.09269122 1123994.883370072 1116912.3340315165 0.0 0.0 4909214.9166870015 4476659.66293307 4.752999782562256
46 40000.0 100000.0 3850000.0 19716679.070479285 20186054.597082246 1109745.5175806645 1100506.733533639 0.0 0.0 4909214.9166870015 4476659.66293307 4.7820000648498535
47 40000.0 100000.0 4100000.0 19704926.256927256 20177384.24560513 1098580.3447064648 1092292.466299455 0.0 0.0 4909214.9166870015 4476659.66293307 4.873000144958496
48 40000.0 100000.0 4350000.0 19695960.87802665 20169602.058623035 1090063.2347509286 1084919.6436729915 0.0 0.0 4909214.9166870015 4476659.66293307 4.821000099182129
49 40000.0 100000.0 4600000.0 19688051.42990029 20166461.930856563 1082549.2590314627 1081944.6952320412 0.0 0.0 4909214.9166870015 4476659.66293307 4.784999847412109
50 60000.0 100000.0 3600000.0 17160635.38852426 17855612.70002006 1136111.4780650006 1130982.29649817 0.0 0.0 7363822.37503029 6714989.494398949 4.730000019073486
51 60000.0 100000.0 3850000.0 17149153.601652633 17843910.307671353 1125203.78053817 1119895.4820550238 0.0 0.0 7363822.37503029 6714989.494398949 4.9040000438690186
52 60000.0 100000.0 4100000.0 17141456.835958913 17835591.46097221 1117891.853128507 1112014.2294838694 0.0 0.0 7363822.37503029 6714989.494398949 4.912999868392944
53 60000.0 100000.0 4350000.0 17134761.45094862 17828246.737542164 1111531.2373688135 1105055.8586242683 0.0 0.0 7363822.37503029 6714989.494398949 4.92300009727478
54 60000.0 100000.0 4600000.0 17128851.52582024 17825264.70023236 1105916.8084981444 1102230.6846468807 0.0 0.0 7363822.37503029 6714989.494398949 5.171000003814697
55 80000.0 100000.0 3600000.0 14775611.335811595 15511894.740031525 1151488.567898515 1148880.1538173102 173457.51843737 0.0 9644972.31493722 8953319.325866947 4.95199990272522
56 80000.0 100000.0 3850000.0 14768072.244537732 15503393.105592864 1144326.324010257 1140825.728647432 173457.62561835998 0.0 9644972.207756333 8953319.325866947 5.562999963760376
57 80000.0 100000.0 4100000.0 14762443.383749845 15497948.86210084 1138978.9062596115 1135667.8672770467 173457.62561835998 0.0 9644972.207756333 8953319.325866947 4.890000104904175
58 80000.0 100000.0 4350000.0 14757537.561658433 15493765.732139396 1134318.3086562671 1131704.781409955 173457.69223545 0.0 9644972.14113927 8953319.325866947 4.96399998664856
59 80000.0 100000.0 4600000.0 14753211.619525725 15492569.983257044 1130208.8374290278 1130571.932194869 173457.51843737 0.0 9644972.31493722 8953319.325866947 5.052000045776367
60 20000.0 125000.0 3600000.0 22483473.690267336 22733795.591100212 1283592.9480340905 1275899.7396735323 0.0 0.0 2454607.4583434653 2238329.8314666757 5.218000173568726
61 20000.0 125000.0 3850000.0 22465827.15933031 22711048.389918808 1266828.7436441574 1254349.1035947728 0.0 0.0 2454607.4583434653 2238329.8314666757 5.016999959945679
62 20000.0 125000.0 4100000.0 22450376.191983704 22693770.179083295 1252150.3246668265 1237979.7739877831 0.0 0.0 2454607.4583434653 2238329.8314666757 4.914999961853027
63 20000.0 125000.0 4350000.0 22439437.189471044 22685781.1069225 1241758.2722792341 1230410.948914245 0.0 0.0 2454607.4583434653 2238329.8314666757 5.075999975204468
64 20000.0 125000.0 4600000.0 22430277.183366746 22682517.141437713 1233056.266478271 1227318.6769664472 0.0 0.0 2454607.4583434653 2238329.8314666757 5.11899995803833
65 40000.0 125000.0 3600000.0 19902517.763027184 20375168.338139355 1286292.275500686 1279672.5736867285 0.0 0.0 4909214.9166870015 4476659.66293307 5.138000011444092
66 40000.0 125000.0 3850000.0 19888372.675305746 20358031.754434172 1272854.4421663538 1263437.4212333902 0.0 0.0 4909214.9166870015 4476659.66293307 5.352999925613403
67 40000.0 125000.0 4100000.0 19877055.54063746 20349663.298998695 1262103.1642328172 1255509.1694826556 0.0 0.0 4909214.9166870015 4476659.66293307 5.190999984741211
68 40000.0 125000.0 4350000.0 19868578.389338206 20342029.19204867 1254049.8704980349 1248276.637481187 0.0 0.0 4909214.9166870015 4476659.66293307 5.273000001907349
69 40000.0 125000.0 4600000.0 19861108.601577826 20339092.570158795 1246953.5721247566 1245494.489953496 0.0 0.0 4909214.9166870015 4476659.66293307 5.0959999561309814
70 60000.0 125000.0 3600000.0 17330141.017795995 18025552.70244369 1297141.8258733111 1291982.989206128 0.0 0.0 7363822.37503029 6714989.494398949 5.424000024795532
71 60000.0 125000.0 3850000.0 17319227.80262841 18014081.54096026 1286774.2714668615 1281115.2422498364 0.0 0.0 7363822.37503029 6714989.494398949 5.343000173568726
72 60000.0 125000.0 4100000.0 17311797.601713426 18006342.58931836 1279715.5805979695 1273783.3806662806 0.0 0.0 7363822.37503029 6714989.494398949 5.371000051498413
73 60000.0 125000.0 4350000.0 17305450.94138355 17999118.69334298 1273686.2532841356 1266939.481415871 0.0 0.0 7363822.37503029 6714989.494398949 5.021000146865845
74 60000.0 125000.0 4600000.0 17299856.474107206 17996338.09863755 1268371.509371917 1264305.1536156656 0.0 0.0 7363822.37503029 6714989.494398949 4.936000108718872
75 80000.0 125000.0 3600000.0 14764806.106511075 15679884.965600299 1314681.1184999896 1308033.633271622 0.0 0.0 9818429.833374482 8953319.325866947 5.052999973297119
76 80000.0 125000.0 3850000.0 14757684.85206728 15671916.237690326 1307915.9267819144 1300484.0822871034 0.0 0.0 9818429.833374482 8953319.325866947 5.147000074386597
77 80000.0 125000.0 4100000.0 14752508.58377735 15666355.526381904 1302998.471905356 1295215.879627153 0.0 0.0 9818429.833374482 8953319.325866947 6.4690001010894775
78 80000.0 125000.0 4350000.0 14747993.050532933 15662171.89685767 1298708.715323413 1291252.3204822536 0.0 0.0 9818429.833374482 8953319.325866947 5.5329999923706055
79 80000.0 125000.0 4600000.0 14744017.39688544 15661043.603763998 1294931.844358383 1290183.3787017057 0.0 0.0 9818429.833374482 8953319.325866947 4.650000095367432
