 A V P E_backup_full E_backup_repr E_loss_stor_full E_loss_stor_repr E_curt_full E_curt_repr E_sol_full E_sol_repr t_repr
0 20000.0 50000.0 3600000.0         5.131999969482422
1 20000.0 50000.0 3850000.0         4.83299994468689
2 20000.0 50000.0 4100000.0         3.822999954223633
3 20000.0 50000.0 4350000.0 16592380.836997658 16134836.728878483 720636.8058188369 699220.950428818 75397.595537396 0.0 6658570.484883834 6810645.585799904 5.463000059127808
4 20000.0 50000.0 4600000.0 16585038.744825438 16126240.750685694 713294.7136478272 690624.9722369154 75397.595537396 0.0 6658570.484883834 6810645.585799904 6.430999994277954
5 40000.0 50000.0 3600000.0         4.259999990463257
6 40000.0 50000.0 3850000.0         5.5
7 40000.0 50000.0 4100000.0 14027214.641901145 13545831.515011445 709087.3188457013 701807.409543654 4255748.9678347325 4219053.91278696 9212187.19300798 9402237.258803857 5.6600000858306885
8 40000.0 50000.0 4350000.0 14021212.744126163 13284755.669895904 703085.4210683812 701898.558702364 4255748.9678347325 3957886.9185183607 9212187.19300798 9663404.253072409 4.3399999141693115
9 40000.0 50000.0 4600000.0 14017958.597951574 13283066.945596024 699831.2748941265 700211.8897101149 4255748.9678347325 3957884.8632131037 9212187.19300798 9663406.30837951 4.819000005722046
10 60000.0 50000.0 3600000.0         4.70799994468689
11 60000.0 50000.0 3850000.0 12226730.50313483  704325.326430931  9193994.901906958  11007909.339356776  6.10099983215332
12 60000.0 50000.0 4100000.0 12222459.576220773 10978136.2637367 700054.3995160435 703068.7793364227 9193994.901906958 8460742.87753752 11007909.339356776 11971193.879865909 5.496999979019165
13 60000.0 50000.0 4350000.0 12219501.072566815 10976089.763942197 697095.8958600254 701024.7183609057 9193994.901906958 8460740.438736722 11007909.339356776 11971196.318668628 6.309000015258789
14 60000.0 50000.0 4600000.0 12216898.182801396 10975234.372494534 694493.0060953507 700153.8839755054 9193994.901906958 8460755.881668722 11007909.339356776 11971180.875732047 5.360000133514404
15 80000.0 50000.0 3600000.0         5.064000129699707
16 80000.0 50000.0 3850000.0 10940857.160636373 8692762.984173845 696920.0748667055 701517.1982568944 14649494.891399235 12987566.764860721 12286377.430286905 14255015.578341834 5.4709999561309814
17 80000.0 50000.0 4100000.0 10937984.567826312 8691928.005781155 694047.4820560425 700684.3900162036 14649494.891399235 12987564.594711602 12286377.430286905 14255017.748490477 6.16100001335144
18 80000.0 50000.0 4350000.0 10935465.780757817 8691410.25732515 691528.694986766 700160.3954552028 14649494.891399235 12987570.840819122 12286377.430286905 14255011.502386076 6.434000015258789
19 80000.0 50000.0 4600000.0 10933258.05341923 8690929.190205658 689320.9232587955 699665.3231247063 14649494.935789015 12987584.84603112 12286377.385897128 14254997.497172877 6.209000110626221
20 20000.0 75000.0 3600000.0         5.156000137329102
21 20000.0 75000.0 3850000.0 16730294.266034873 16350154.892834105 933947.8303922749 914539.1144118516 0.0 0.0 6733968.080421236 6810645.585799904 5.891999959945679
22 20000.0 75000.0 4100000.0 16721854.474449845 16341741.90659783 925508.0388079395 906126.1281722746 0.0 0.0 6733968.080421236 6810645.585799904 5.802000045776367
23 20000.0 75000.0 4350000.0 16714516.528060105 16333361.948959678 918170.0924179419 897746.1705343435 0.0 0.0 6733968.080421236 6810645.585799904 5.937999963760376
24 20000.0 75000.0 4600000.0 16708032.928895695 16325010.113695571 911686.4932547624 889394.3352697913 0.0 0.0 6733968.080421236 6810645.585799904 6.759999990463257
25 40000.0 75000.0 3600000.0 13011181.561889742 12257521.876072472 938164.9969031352 925335.9561618901 3010638.209766237 2707215.72727152 10457297.951076578 10914075.444319297 5.241999864578247
26 40000.0 75000.0 3850000.0 13004951.649977373 12251608.918507474 931935.0849920593 923797.3790958324 3010638.209766237 2702841.3467652006 10457297.951076578 10918449.824826162 5.7200000286102295
27 40000.0 75000.0 4100000.0 12999509.11165627 12248751.755188148 926492.5466708048 920945.780206985 3010638.209766237 2702835.78233568 10457297.951076578 10918455.38925696 4.431999921798706
28 40000.0 75000.0 4350000.0 12995037.301928 12245982.336867314 922020.7369419056 918171.4174956054 3010638.209766237 2702840.7267153603 10457297.951076578 10918450.44487561 4.207000017166138
29 40000.0 75000.0 4600000.0 12992854.275155906 12244421.066282194 919837.7101683369 916612.709691668 3010638.209766237 2702838.16393728 10457297.951076578 10918453.00765473 5.998999834060669
30 60000.0 75000.0 3600000.0 11177828.837460622 9944734.08538678 924867.2009509351 924524.6668505692 7924551.36171202 7205884.811704321 12277352.879552178 13226051.945702722 4.815999984741211
31 60000.0 75000.0 3850000.0 11172933.07150039 9941852.74899185 919971.4349917602 921636.5905671706 7924551.36171202 7205891.551578482 12277352.879552178 13226045.205822797 6.021999835968018
32 60000.0 75000.0 4100000.0 11169936.925297087 9939065.8102773 916975.2887881371 918839.5073622403 7924551.36171202 7205901.696088558 12277352.879552178 13226035.061315373 5.196000099182129
33 60000.0 75000.0 4350000.0 11168045.1950497 9937220.959884003 915083.5585407336 917007.8243746061 7924551.36171202 7205888.5286728805 12277352.879552178 13226048.22873208 5.556999921798706
34 60000.0 75000.0 4600000.0 11166387.476091474 9936525.89631052 913425.8395829116 916308.0535939079 7924551.36171202 7205893.235872825 12277352.879552178 13226043.521527374 5.224999904632568
35 80000.0 75000.0 3600000.0 9884990.89350674 7653742.288839189 915229.1709296823 918909.4590524082 13375319.528203664 11731153.808755923 13560552.79348106 15511428.534448076 5.641999959945679
36 80000.0 75000.0 3850000.0 9882161.85214294 7652231.238126247 912400.1295660993 917388.0575738478 13375319.528203664 11731164.159513842 13560552.79348106 15511418.1836897 5.692999839782715
37 80000.0 75000.0 4100000.0 9880375.796248123 7651484.998129144 910614.073671583 916677.511277629 13375319.528203664 11731128.465815805 13560552.79348106 15511453.877387278 5.368000030517578
38 80000.0 75000.0 4350000.0 9878814.222477587 7651089.170491619 909052.499901102 916262.2849735447 13375319.528203664 11731147.86446952 13560552.79348106 15511434.478734478 4.305999994277954
39 80000.0 75000.0 4600000.0 9877453.835995076 7650718.523642061 907692.1134182368 915892.3806594529 13375319.528203664 11731147.121944081 13560552.79348106 15511435.221259438 4.9070000648498535
40 20000.0 100000.0 3600000.0 16916857.02339592 16535484.295257684 1120510.5877544046 1099868.5168278455 0.0 0.0 6733968.080421236 6810645.585799904 5.769999980926514
41 20000.0 100000.0 3850000.0 16905751.012679726 16527133.724807126 1109404.57703877 1091517.946383784 0.0 0.0 6733968.080421236 6810645.585799904 5.453999996185303
42 20000.0 100000.0 4100000.0 16897919.992521748 16519491.371582545 1101573.556882179 1083875.5931492385 0.0 0.0 6733968.080421236 6810645.585799904 5.055000066757202
43 20000.0 100000.0 4350000.0 16891104.470962238 16511880.124156693 1094758.0353217414 1076264.3457106582 0.0 0.0 6733968.080421236 6810645.585799904 5.38700008392334
44 20000.0 100000.0 4600000.0 16885090.14739283 16504295.821034605 1088743.711754062 1068680.04259875 0.0 0.0 6733968.080421236 6810645.585799904 6.602999925613403
45 40000.0 100000.0 3600000.0 11968222.640384307 11201859.329676501 1134788.5434371226 1119091.1436199774 1771055.7417248832 1457797.99340184 11696880.419118332 12163493.178190008 5.53600001335144
46 40000.0 100000.0 3850000.0 11963713.620577913 11199382.11582554 1130279.5236317043 1116607.6300785255 1771055.7417248832 1457804.2931006404 11696880.419118332 12163486.878490994 6.059000015258789
47 40000.0 100000.0 4100000.0 11959775.39540514 11196973.91385623 1126341.2984588658 1114199.1563420414 1771055.7417248832 1457804.5648466402 11696880.419118332 12163486.606745077 5.552999973297119
48 40000.0 100000.0 4350000.0 11956408.159510292 11194623.701396493 1122974.0625637057 1111856.607927196 1771055.7417248832 1457796.9008018398 11696880.419118332 12163494.270789985 5.640000104904175
49 40000.0 100000.0 4600000.0 11954924.51974018 11193142.472427825 1121490.422794401 1110366.0557933378 1771055.7417248832 1457806.2239724002 11696880.419118332 12163484.94761868 5.382999897003174
50 60000.0 100000.0 3600000.0 10113583.116880018 8892297.326270657 1119444.3638622146 1116934.9742790898 6665728.478216697 5961037.74513048 13536175.763047313 14470899.01227361 6.5249998569488525
51 60000.0 100000.0 3850000.0 10110091.843874 8889882.783521011 1115953.0908581968 1114513.9164590111 6665728.478216697 5961044.260225201 13536175.763047313 14470892.497177692 5.4019999504089355
52 60000.0 100000.0 4100000.0 10107981.333933596 8887529.40076041 1113842.5809170608 1112161.3522175283 6665728.478216697 5961043.44169344 13536175.763047313 14470893.315710692 5.321000099182129
53 60000.0 100000.0 4350000.0 10106787.662383767 8885814.93452294 1112648.9093675807 1110442.9924934634 6665728.478216697 5961047.335176479 13536175.763047313 14470889.422225852 5.6499998569488525
54 60000.0 100000.0 4600000.0 10105748.71579409 8885205.804350512 1111609.9627773915 1109842.9238492365 6665728.478216697 5961038.27365704 13536175.763047313 14470898.483745812 5.177999973297119
55 80000.0 100000.0 3600000.0 8816835.838206079 6600595.890347655 1110392.7454685909 1111932.3302998797 12112000.89836377 10484984.538995761 14823871.423321364 16757597.804208234 5.147000074386597
56 80000.0 100000.0 3850000.0 8814912.70583274 6599380.242295926 1108469.6130966144 1110723.2198143152 12112000.89836377 10484978.001429364 14823871.423321364 16757604.341774637 6.276000022888184
57 80000.0 100000.0 4100000.0 8813826.596138176 6598688.680649958 1107383.5034013428 1110013.7715171871 12112000.89836377 10484995.888082882 14823871.423321364 16757586.455121836 6.95799994468689
58 80000.0 100000.0 4350000.0 8812883.430199016 6598352.500893538 1106440.3374622066 1109694.6706513509 12112000.89836377 10484978.80918584 14823871.423321364 16757603.534018155 6.585999965667725
59 80000.0 100000.0 4600000.0 8812069.259839317 6598036.088922568 1105626.1671020759 1109378.8815045739 12112000.89836377 10484978.18636537 14823871.423321364 16757604.156837836 5.771999835968018
60 20000.0 125000.0 3600000.0 17079087.392741144 16698577.410080867 1282740.9570999786 1262961.6316595597 0.0 0.0 6733968.080421236 6810645.585799904 5.852999925613403
61 20000.0 125000.0 3850000.0 17068396.30532876 16690767.177918984 1272049.8696881905 1255151.3995025547 0.0 0.0 6733968.080421236 6810645.585799904 5.892999887466431
62 20000.0 125000.0 4100000.0 17060982.734222043 16683673.2188325 1264636.2985831425 1248057.4404184418 0.0 0.0 6733968.080421236 6810645.585799904 5.989000082015991
63 20000.0 125000.0 4350000.0 17054525.562438242 16676607.818066832 1258179.12679761 1240992.0396466386 0.0 0.0 6733968.080421236 6810645.585799904 6.265000104904175
64 20000.0 125000.0 4600000.0 17048834.185390234 16669568.808581494 1252487.7497516617 1233953.030175151 0.0 0.0 6733968.080421236 6810645.585799904 6.496000051498413
65 40000.0 125000.0 3600000.0 10918099.56935001 10142108.732645461 1321258.8149009892 1296618.598642604 534462.39922654 220519.94136911997 12933473.761616165 13400771.230221692 5.955999851226807
66 40000.0 125000.0 3850000.0 10914860.523922857 10140309.720862713 1318019.7694743949 1294817.8894128704 534462.39922654 220521.63880848 12933473.761616165 13400769.532782495 5.805999994277954
67 40000.0 125000.0 4100000.0 10912033.53489301 10139676.5963576 1315192.7804456016 1294187.243321886 534462.39922654 220519.1603916 12933473.761616165 13400772.011199286 5.648000001907349
68 40000.0 125000.0 4350000.0 10909573.33966669 10139065.638519175 1312732.585218712 1293575.2916370458 534462.39922654 220520.15424 12933473.761616165 13400771.017350813 4.765000104904175
69 40000.0 125000.0 4600000.0 10908525.127930516 10138474.532212319 1311684.3734838795 1292983.091198393 534462.39922654 220521.24837504 12933473.761616165 13400769.923215777 6.299999952316284
70 60000.0 125000.0 3600000.0 9043713.278936306 7832054.00455369 1301942.7488494941 1294804.1007502985 5413360.255281735 4722925.296960337 14788543.985982932 15709011.46044064 5.328999996185303
71 60000.0 125000.0 3850000.0 9041275.039937453 7831425.688462824 1299504.509852805 1294175.1976201897 5413360.255281735 4722925.883999424 14788543.985982932 15709010.873401703 5.266999959945679
72 60000.0 125000.0 4100000.0 9039804.63735186 7830819.297476723 1298034.1072674468 1293568.6434749851 5413360.255281735 4722926.047148497 14788543.985982932 15709010.710253173 4.976999998092651
73 60000.0 125000.0 4350000.0 9039086.14362512 7830231.011813158 1297315.613539399 1292980.9585045462 5413360.255281735 4722925.446464064 14788543.985982932 15709011.31093565 4.771000146865845
74 60000.0 125000.0 4600000.0 9038468.400781337 7829667.16048266 1296697.870696064 1292449.543720459 5413360.255281735 4722893.00991864 14788543.985982932 15709043.747482395 4.846999883651733
75 80000.0 125000.0 3600000.0 7743291.793046667 5541132.2799013695 1292432.131283506 1291747.6409098178 10856417.46738251 9245705.617953843 16079454.85430114 17996876.725251116 7.0290000438690186
76 80000.0 125000.0 3850000.0 7742030.960863632 5541093.880379532 1291171.29833199 1291741.1073318738 10856417.468150977 9245673.752001842 16079454.853532664 17996908.591202155 7.212000131607056
77 80000.0 125000.0 4100000.0 7741405.680823271 5541060.962493485 1290546.018292737 1291676.3021372652 10856417.468150977 9245705.639304241 16079454.853532664 17996876.70389983 4.603000164031982
78 80000.0 125000.0 4350000.0 7740872.769040685 5541032.090361009 1290013.1065098008 1291647.4940578337 10856417.468150977 9245705.57525064 16079454.853532664 17996876.7679541 4.853999853134155
79 80000.0 125000.0 4600000.0 7740420.480863705 5541007.009116537 1289560.8183322155 1291622.4128180924 10856417.468150977 9245705.57525064 16079454.853532664 17996876.7679541 4.894000053405762
