 A V P E_backup_full E_backup_repr E_loss_stor_full E_loss_stor_repr E_curt_full E_curt_repr E_sol_full E_sol_repr t_repr
0 20000.0 50000.0 3600000.0         5.7820000648498535
1 20000.0 50000.0 3850000.0         8.123999834060669
2 20000.0 50000.0 4100000.0         6.111999988555908
3 20000.0 50000.0 4350000.0         6.891999959945679
4 20000.0 50000.0 4600000.0 21854538.057617407 21811005.01302063 686104.0970168937 693136.3649598515 0.0 0.0 2454607.4583434653 2498617.1071621715 7.084000110626221
5 40000.0 50000.0 3600000.0         5.772000074386597
6 40000.0 50000.0 3850000.0         5.871999979019165
7 40000.0 50000.0 4100000.0         5.792999982833862
8 40000.0 50000.0 4350000.0 19302437.06376168  716215.6111994324  0.0  4909214.9166870015  6.196000099182129
9 40000.0 50000.0 4600000.0 19292852.736871768 19196838.455996122 707110.500652589 715099.2381091604 0.0 0.0 4909214.9166870015 4997234.21432332 6.900000095367432
10 60000.0 50000.0 3600000.0         5.940999984741211
11 60000.0 50000.0 3850000.0         6.872000217437744
12 60000.0 50000.0 4100000.0         6.010999917984009
13 60000.0 50000.0 4350000.0 17811136.186691366  718607.9570548973  1035479.2792680231  6328343.095762517  6.628000020980835
14 60000.0 50000.0 4600000.0 17802734.210706 16869838.257925685 710625.8084183936 732645.7834858084 1035479.550717813 276476.94946093 6328342.82431272 7219374.372025896 7.085999965667725
15 80000.0 50000.0 3600000.0         6.078999996185303
16 80000.0 50000.0 3850000.0         6.78600001335144
17 80000.0 50000.0 4100000.0         7.327999830245972
18 80000.0 50000.0 4350000.0 16920610.382523663  714297.5444210961  2648397.636290072  7170032.197084365  9.410000085830688
19 80000.0 50000.0 4600000.0 16912627.51586621 15559245.988552563 706713.5676110379 734026.3785505504 2648397.8897744752 1532061.93623135 7170031.943599923 8462406.49242009 8.305999994277954
20 20000.0 75000.0 3600000.0         6.333999872207642
21 20000.0 75000.0 3850000.0         8.183000087738037
22 20000.0 75000.0 4100000.0 22088758.59971543 22036971.55632678 908613.6120130093 907216.4490049083 0.0 0.0 2454607.4583434653 2498617.1071621715 8.347000122070312
23 20000.0 75000.0 4350000.0 22076513.403140847 22028525.389402013 896980.6752662795 899214.5736053205 0.0 0.0 2454607.4583434653 2498617.1071621715 8.211999893188477
24 20000.0 75000.0 4600000.0 22065915.77019295 22020252.109904174 886912.9239635947 891376.4912775722 0.0 0.0 2454607.4583434653 2498617.1071621715 6.634999990463257
25 40000.0 75000.0 3600000.0         6.0290000438690186
26 40000.0 75000.0 3850000.0 19531371.59926638  933703.419930575  0.0  4909214.9166870015  6.977999925613403
27 40000.0 75000.0 4100000.0 19518951.31136528 19419474.709390532 921904.1464247431 926024.2146141226 0.0 0.0 4909214.9166870015 4997234.21432332 7.417999982833862
28 40000.0 75000.0 4350000.0 19509275.863559186 19411234.187086273 912712.4710092264 918217.1663610981 0.0 0.0 4909214.9166870015 4997234.21432332 7.206000089645386
29 40000.0 75000.0 4600000.0 19500730.7410772 19403107.716229063 904594.6046506256 910518.1701338323 0.0 0.0 4909214.9166870015 4997234.21432332 8.437999963760376
30 60000.0 75000.0 3600000.0         6.4079999923706055
31 60000.0 75000.0 3850000.0 16966249.892479107  951445.2568258119  0.0  7363822.37503029  8.240999937057495
32 60000.0 75000.0 4100000.0 16957962.426905293 16802605.35184166 943572.1645296622 945426.4619228471 0.0 0.0 7363822.37503029 7495851.32148715 8.322999954223633
33 60000.0 75000.0 4350000.0 16950758.23037074 16794550.76626449 936728.1778227141 937795.5696148906 0.0 0.0 7363822.37503029 7495851.32148715 7.70799994468689
34 60000.0 75000.0 4600000.0 16944390.194861066 16786588.58923164 930678.54408677 930252.2249076575 0.0 0.0 7363822.37503029 7495851.32148715 7.687000036239624
35 80000.0 75000.0 3600000.0         3.86899995803833
36 80000.0 75000.0 3850000.0 15859253.481663207  945875.6251627707  1408530.499734648  8409899.33363975  3.8289999961853027
37 80000.0 75000.0 4100000.0 15851705.451814318 14506333.549346464 938704.9398226759 961643.8841061296 1408530.5567173 306918.07047129 8409899.27665724 9687550.35817981 3.8339998722076416
38 80000.0 75000.0 4350000.0 15845125.83616458 14498412.494304758 932454.3619387472 954139.7703967772 1408530.499734648 306917.79833104 8409899.33363975 9687550.63031955 3.7880001068115234
39 80000.0 75000.0 4600000.0 15839309.789978268 14490567.653445069 926929.0159096755 946707.5896565149 1408530.60188408 306917.79833104 8409899.23149037 9687550.63031955 3.3519999980926514
40 20000.0 100000.0 3600000.0 22311826.77547999 22262444.253370143 1120528.3789886814 1120828.6644886506 0.0 0.0 2454607.4583434653 2498617.1071621715 3.812000036239624
41 20000.0 100000.0 3850000.0 22293054.39661361 22239540.11835456 1102694.6190643234 1099129.3497204988 0.0 0.0 2454607.4583434653 2498617.1071621715 3.495000123977661
42 20000.0 100000.0 4100000.0 22276630.065591466 22223554.465740517 1087091.5045940843 1083984.5861994973 0.0 0.0 2454607.4583434653 2498617.1071621715 4.187999963760376
43 20000.0 100000.0 4350000.0 22265283.95916933 22215890.14231897 1076312.703494332 1076723.4271991458 0.0 0.0 2454607.4583434653 2498617.1071621715 3.6569998264312744
44 20000.0 100000.0 4600000.0 22255530.447990745 22208459.482977703 1067046.8678735238 1069683.640899893 0.0 0.0 2454607.4583434653 2498617.1071621715 4.055999994277954
45 40000.0 100000.0 3600000.0 19731678.402889587 19621710.83819685 1123994.883370072 1117622.1689811063 0.0 0.0 4909214.9166870015 4997234.21432332 3.490999937057495
46 40000.0 100000.0 3850000.0 19716679.070479285 19611844.454127055 1109745.5175806645 1108274.7837406357 0.0 0.0 4909214.9166870015 4997234.21432332 3.7950000762939453
47 40000.0 100000.0 4100000.0 19704926.256927256 19604224.232606396 1098580.3447064648 1101055.4067478487 0.0 0.0 4909214.9166870015 4997234.21432332 3.5260000228881836
48 40000.0 100000.0 4350000.0 19695960.87802665 19596726.229802094 1090063.2347509286 1093951.8194364912 0.0 0.0 4909214.9166870015 4997234.21432332 3.8899998664855957
49 40000.0 100000.0 4600000.0 19688051.42990029 19589334.075827662 1082549.2590314627 1086948.513011901 0.0 0.0 4909214.9166870015 4997234.21432332 3.5139999389648438
50 60000.0 100000.0 3600000.0 17160635.38852426 17000396.642903592 1136111.4780650006 1132813.3891832968 0.0 0.0 7363822.37503029 7495851.32148715 3.5980000495910645
51 60000.0 100000.0 3850000.0 17149153.601652633 16992852.2347992 1125203.78053817 1125665.8376148515 0.0 0.0 7363822.37503029 7495851.32148715 3.7839999198913574
52 60000.0 100000.0 4100000.0 17141456.835958913 16985425.806852676 1117891.853128507 1118630.0601226212 0.0 0.0 7363822.37503029 7495851.32148715 6.444000005722046
53 60000.0 100000.0 4350000.0 17134761.45094862 16978098.587184332 1111531.2373688135 1111688.2722893276 0.0 0.0 7363822.37503029 7495851.32148715 4.990000009536743
54 60000.0 100000.0 4600000.0 17128851.52582024 16970857.161939137 1105916.8084981444 1104827.7658460157 0.0 0.0 7363822.37503029 7495851.32148715 3.765000104904175
55 80000.0 100000.0 3600000.0 14775611.335811595 14382977.53169887 1151488.567898515 1151694.8014187594 173457.51843737 0.0 9644972.31493722 9994468.4286511 3.6569998264312744
56 80000.0 100000.0 3850000.0 14768072.244537732 14375631.22635568 1144326.324010257 1144734.9318628737 173457.62561835998 0.0 9644972.207756333 9994468.4286511 4.088000059127808
57 80000.0 100000.0 4100000.0 14762443.383749845 14368378.677345833 1138978.9062596115 1137863.8867993515 173457.62561835998 0.0 9644972.207756333 9994468.4286511 3.6040000915527344
58 80000.0 100000.0 4350000.0 14757537.561658433 14361204.487301478 1134318.3086562671 1131067.078807717 173457.69223545 0.0 9644972.14113927 9994468.4286511 3.746999979019165
59 80000.0 100000.0 4600000.0 14753211.619525725 14354097.628829606 1130208.8374290278 1124334.0605622516 173457.51843737 0.0 9644972.31493722 9994468.4286511 3.8519999980926514
60 20000.0 125000.0 3600000.0 22483473.690267336 22433817.140369624 1283592.9480340905 1283186.868109169 0.0 0.0 2454607.4583434653 2498617.1071621715 3.88100004196167
61 20000.0 125000.0 3850000.0 22465827.15933031 22412523.164075844 1266828.7436441574 1263013.013307633 0.0 0.0 2454607.4583434653 2498617.1071621715 4.038000106811523
62 20000.0 125000.0 4100000.0 22450376.191983704 22396127.892834004 1252150.3246668265 1247480.1782183556 0.0 0.0 2454607.4583434653 2498617.1071621715 3.8970000743865967
63 20000.0 125000.0 4350000.0 22439437.189471044 22389084.18997168 1241758.2722792341 1240806.993408883 0.0 0.0 2454607.4583434653 2498617.1071621715 3.749000072479248
64 20000.0 125000.0 4600000.0 22430277.183366746 22382237.75664014 1233056.266478271 1234320.7012292943 0.0 0.0 2454607.4583434653 2498617.1071621715 3.755000114440918
65 40000.0 125000.0 3600000.0 19902517.763027184 19793272.31533319 1286292.275500686 1280159.0423827763 0.0 0.0 4909214.9166870015 4997234.21432332 3.8349997997283936
66 40000.0 125000.0 3850000.0 19888372.675305746 19782480.1497758 1272854.4421663538 1269934.5742960132 0.0 0.0 4909214.9166870015 4997234.21432332 3.9830000400543213
67 40000.0 125000.0 4100000.0 19877055.54063746 19775394.103561543 1262103.1642328172 1263221.2735270567 0.0 0.0 4909214.9166870015 4997234.21432332 5.934999942779541
68 40000.0 125000.0 4350000.0 19868578.389338206 19768422.785246883 1254049.8704980349 1256616.6656537666 0.0 0.0 4909214.9166870015 4997234.21432332 5.108000040054321
69 40000.0 125000.0 4600000.0 19861108.601577826 19761551.67154522 1246953.5721247566 1250106.991359288 0.0 0.0 4909214.9166870015 4997234.21432332 5.323999881744385
70 60000.0 125000.0 3600000.0 17330141.017795995 17169135.662117343 1297141.8258733111 1292676.2736781721 0.0 0.0 7363822.37503029 7495851.32148715 7.753999948501587
71 60000.0 125000.0 3850000.0 17319227.80262841 17162119.823704056 1286774.2714668615 1286029.4875890387 0.0 0.0 7363822.37503029 7495851.32148715 6.253999948501587
72 60000.0 125000.0 4100000.0 17311797.601713426 17155215.346609056 1279715.5805979695 1279488.2049027572 0.0 0.0 7363822.37503029 7495851.32148715 6.917999982833862
73 60000.0 125000.0 4350000.0 17305450.94138355 17148404.16295069 1273686.2532841356 1273035.3081646613 0.0 0.0 7363822.37503029 7495851.32148715 6.856000185012817
74 60000.0 125000.0 4600000.0 17299856.474107206 17141674.25821273 1268371.509371917 1266659.4148530224 0.0 0.0 7363822.37503029 7495851.32148715 10.578999996185303
75 80000.0 125000.0 3600000.0 14764806.106511075 14550229.28623403 1314681.1184999896 1310148.6554367796 0.0 0.0 9818429.833374482 9994468.4286511 6.891999959945679
76 80000.0 125000.0 3850000.0 14757684.85206728 14543398.8441 1307915.9267819144 1303677.5132704729 0.0 0.0 9818429.833374482 9994468.4286511 7.046999931335449
77 80000.0 125000.0 4100000.0 14752508.58377735 14536657.096728778 1302998.471905356 1297290.400281588 0.0 0.0 9818429.833374482 9994468.4286511 7.411999940872192
78 80000.0 125000.0 4350000.0 14747993.050532933 14529989.31253116 1298708.715323413 1290973.3598009534 0.0 0.0 9818429.833374482 9994468.4286511 6.855999946594238
79 80000.0 125000.0 4600000.0 14744017.39688544 14523385.43091003 1294931.844358383 1284716.8604436547 0.0 0.0 9818429.833374482 9994468.4286511 7.250999927520752
