 A V P E_backup_full E_backup_repr E_loss_stor_full E_loss_stor_repr E_curt_full E_curt_repr E_sol_full E_sol_repr t_repr
0 20000.0 50000.0 3600000.0         2.629999876022339
1 20000.0 50000.0 3850000.0         2.684999942779541
2 20000.0 50000.0 4100000.0         4.071999788284302
3 20000.0 50000.0 4350000.0         2.992000102996826
4 20000.0 50000.0 4600000.0 21854538.057617407 21752331.175223466 686104.0970168937 693387.0274783421 0.0 0.0 2454607.4583434653 2331549.4317627237 4.141999959945679
5 40000.0 50000.0 3600000.0         3.5429999828338623
6 40000.0 50000.0 3850000.0         3.246000051498413
7 40000.0 50000.0 4100000.0         4.240000009536743
8 40000.0 50000.0 4350000.0 19302437.06376168  716215.6111994324  0.0  4909214.9166870015  2.9819998741149902
9 40000.0 50000.0 4600000.0 19292852.736871768 19291504.78448852 707110.500652589 693556.2786408887 0.0 0.0 4909214.9166870015 4663098.86352989 4.127000093460083
10 60000.0 50000.0 3600000.0         3.2139999866485596
11 60000.0 50000.0 3850000.0         2.7190001010894775
12 60000.0 50000.0 4100000.0         3.7939999103546143
13 60000.0 50000.0 4350000.0 17811136.186691366  718607.9570548973  1035479.2792680231  6328343.095762517  2.809999942779541
14 60000.0 50000.0 4600000.0 17802734.210706 16830908.716894746 710625.8084183936 693943.7373471775 1035479.550717813 0.0 6328342.82431272 6994648.295288029 3.7139999866485596
15 80000.0 50000.0 3600000.0         3.2669999599456787
16 80000.0 50000.0 3850000.0         2.7290000915527344
17 80000.0 50000.0 4100000.0         3.6469998359680176
18 80000.0 50000.0 4350000.0 16920610.382523663 17215963.78048522 714297.5444210961 701542.5489287754 2648397.636290072 2688750.7324639196 7170032.197084365 6637446.994585341 3.865000009536743
19 80000.0 50000.0 4600000.0 16912627.51586621 14968660.865571203 706713.5676110379 701137.3136053338 2648397.8897744752 560067.34319424 7170031.943599923 8766130.38385718 3.131999969482422
20 20000.0 75000.0 3600000.0         3.4140000343322754
21 20000.0 75000.0 3850000.0  21990956.311907712  919459.8282337735  0.0  2331549.4317627237 3.890000104904175
22 20000.0 75000.0 4100000.0 22088758.59971543 21980784.90067518 908613.6120130093 909823.4610863576 0.0 0.0 2454607.4583434653 2331549.4317627237 2.9549999237060547
23 20000.0 75000.0 4350000.0 22076513.403140847 21971608.329378527 896980.6752662795 901129.6025600547 0.0 0.0 2454607.4583434653 2331549.4317627237 3.812000036239624
24 20000.0 75000.0 4600000.0 22065915.77019295 21962693.559437696 886912.9239635947 892683.773960352 0.0 0.0 2454607.4583434653 2331549.4317627237 3.871999979019165
25 40000.0 75000.0 3600000.0         2.759999990463257
26 40000.0 75000.0 3850000.0 19531371.59926638 19529510.76879411 933703.419930575 919042.496119994 0.0 0.0 4909214.9166870015 4663098.86352989 3.872999906539917
27 40000.0 75000.0 4100000.0 19518951.31136528 19519637.109351814 921904.1464247431 909688.2182085452 0.0 0.0 4909214.9166870015 4663098.86352989 2.9689998626708984
28 40000.0 75000.0 4350000.0 19509275.863559186 19510711.291905977 912712.4710092264 901231.9232035208 0.0 0.0 4909214.9166870015 4663098.86352989 3.810999870300293
29 40000.0 75000.0 4600000.0 19500730.7410772 19501826.716685075 904594.6046506256 892814.7009925966 0.0 0.0 4909214.9166870015 4663098.86352989 3.861999988555908
30 60000.0 75000.0 3600000.0         2.864000082015991
31 60000.0 75000.0 3850000.0 16966249.892479107 17068474.105984993 951445.2568258119 919012.5361253431 0.0 0.0 7363822.37503029 6994648.295288029 4.104000091552734
32 60000.0 75000.0 4100000.0 16957962.426905293 17058866.867833056 943572.1645296622 909910.6650195589 0.0 0.0 7363822.37503029 6994648.295288029 3.0230000019073486
33 60000.0 75000.0 4350000.0 16950758.23037074 17049999.66781249 936728.1778227141 901509.9039986511 0.0 0.0 7363822.37503029 6994648.295288029 4.131999969482422
34 60000.0 75000.0 4600000.0 16944390.194861066 17041167.170530114 930678.54408677 893142.0202815032 0.0 0.0 7363822.37503029 6994648.295288029 3.3499999046325684
35 80000.0 75000.0 3600000.0         4.296999931335449
36 80000.0 75000.0 3850000.0 15859253.481663207 14607636.752117464 945875.6251627707 919171.4008484075 1408530.499734648 0.0 8409899.33363975 9326197.727049978 4.229000091552734
37 80000.0 75000.0 4100000.0 15851705.451814318 14598284.952327872 938704.9398226759 910311.5313466749 1408530.5567173 0.0 8409899.27665724 9326197.727049978 3.0989999771118164
38 80000.0 75000.0 4350000.0 15845125.83616458 14594906.115061315 932454.3619387472 907110.4301707256 1408530.499734648 0.0 8409899.33363975 9326197.727049978 3.872999906539917
39 80000.0 75000.0 4600000.0 15839309.789978268 14593123.523145616 926929.0159096755 905421.607479168 1408530.60188408 0.0 8409899.23149037 9326197.727049978 3.180000066757202
40 20000.0 100000.0 3600000.0 22311826.77547999 22186755.448500462 1120528.3789886814 1104959.3938092848 0.0 0.0 2454607.4583434653 2331549.4317627237 3.86899995803833
41 20000.0 100000.0 3850000.0 22293054.39661361 22177406.468599673 1102694.6190643234 1096102.1958442105 0.0 0.0 2454607.4583434653 2331549.4317627237 3.8289999961853027
42 20000.0 100000.0 4100000.0 22276630.065591466 22168142.99059283 1087091.5045940843 1087326.0021493544 0.0 0.0 2454607.4583434653 2331549.4317627237 2.9609999656677246
43 20000.0 100000.0 4350000.0 22265283.95916933 22159734.231317915 1076312.703494332 1079359.5666411405 0.0 0.0 2454607.4583434653 2331549.4317627237 3.796999931335449
44 20000.0 100000.0 4600000.0 22255530.447990745 22151639.30416223 1067046.8678735238 1071690.4548344298 0.0 0.0 2454607.4583434653 2331549.4317627237 2.9709999561309814
45 40000.0 100000.0 3600000.0 19731678.402889587 19724980.848039187 1123994.883370072 1104230.3136506944 0.0 0.0 4909214.9166870015 4663098.86352989 3.732999801635742
46 40000.0 100000.0 3850000.0 19716679.070479285 19715966.27191951 1109745.5175806645 1095689.9289324377 0.0 0.0 4909214.9166870015 4663098.86352989 3.1069998741149902
47 40000.0 100000.0 4100000.0 19704926.256927256 19706995.07430076 1098580.3447064648 1087190.6408792944 0.0 0.0 4909214.9166870015 4663098.86352989 3.8459999561309814
48 40000.0 100000.0 4350000.0 19695960.87802665 19698815.017974004 1090063.2347509286 1079440.8779246965 0.0 0.0 4909214.9166870015 4663098.86352989 2.990999937057495
49 40000.0 100000.0 4600000.0 19688051.42990029 19690745.84786325 1082549.2590314627 1071796.1682827764 0.0 0.0 4909214.9166870015 4663098.86352989 3.822000026702881
50 60000.0 100000.0 3600000.0 17160635.38852426 17263859.64119871 1136111.4780650006 1104120.256878306 0.0 0.0 7363822.37503029 6994648.295288029 2.9739999771118164
51 60000.0 100000.0 3850000.0 17149153.601652633 17254920.677782316 1125203.78053817 1095651.5074133442 0.0 0.0 7363822.37503029 6994648.295288029 3.868000030517578
52 60000.0 100000.0 4100000.0 17141456.835958913 17246120.453709472 1117891.853128507 1087314.199249157 0.0 0.0 7363822.37503029 6994648.295288029 3.120000123977661
53 60000.0 100000.0 4350000.0 17134761.45094862 17238066.316777077 1111531.2373688135 1079683.7319778309 0.0 0.0 7363822.37503029 6994648.295288029 4.088000059127808
54 60000.0 100000.0 4600000.0 17128851.52582024 17230044.860634446 1105916.8084981444 1072084.2264110222 0.0 0.0 7363822.37503029 6994648.295288029 3.2789998054504395
55 80000.0 100000.0 3600000.0 14775611.335811595 14802930.16650803 1151488.567898515 1104191.8465802765 173457.51843737 0.0 9644972.31493722 9326197.727049978 4.003999948501587
56 80000.0 100000.0 3850000.0 14768072.244537732 14794055.908794401 1144326.324010257 1095784.3991346399 173457.62561835998 0.0 9644972.207756333 9326197.727049978 2.9560000896453857
57 80000.0 100000.0 4100000.0 14762443.383749845 14785488.728206178 1138978.9062596115 1087667.875717247 173457.62561835998 0.0 9644972.207756333 9326197.727049978 4.174000024795532
58 80000.0 100000.0 4350000.0 14757537.561658433 14780811.873093145 1134318.3086562671 1083237.0359850847 173457.69223545 0.0 9644972.14113927 9326197.727049978 3.0880000591278076
59 80000.0 100000.0 4600000.0 14753211.619525725 14779174.970613755 1130208.8374290278 1081686.239073131 173457.51843737 0.0 9644972.31493722 9326197.727049978 4.381999969482422
60 20000.0 125000.0 3600000.0 22483473.690267336 22358563.20975217 1283592.9480340905 1267729.5961287832 0.0 0.0 2454607.4583434653 2331549.4317627237 3.2890000343322754
61 20000.0 125000.0 3850000.0 22465827.15933031 22349882.708982427 1266828.7436441574 1259505.7134654843 0.0 0.0 2454607.4583434653 2331549.4317627237 4.045000076293945
62 20000.0 125000.0 4100000.0 22450376.191983704 22341269.326232743 1252150.3246668265 1251345.4182528968 0.0 0.0 2454607.4583434653 2331549.4317627237 3.0809998512268066
63 20000.0 125000.0 4350000.0 22439437.189471044 22333394.093762822 1241758.2722792341 1243884.444587439 0.0 0.0 2454607.4583434653 2331549.4317627237 4.5320000648498535
64 20000.0 125000.0 4600000.0 22430277.183366746 22325882.135811154 1233056.266478271 1236767.6361977796 0.0 0.0 2454607.4583434653 2331549.4317627237 3.069000005722046
65 40000.0 125000.0 3600000.0 19902517.763027184 19896812.324575182 1286292.275500686 1267022.983768757 0.0 0.0 4909214.9166870015 4663098.86352989 3.9549999237060547
66 40000.0 125000.0 3850000.0 19888372.675305746 19888443.518465504 1272854.4421663538 1259094.3997802194 0.0 0.0 4909214.9166870015 4663098.86352989 2.9649999141693115
67 40000.0 125000.0 4100000.0 19877055.54063746 19880115.583178155 1262103.1642328172 1251204.536715675 0.0 0.0 4909214.9166870015 4663098.86352989 4.181999921798706
68 40000.0 125000.0 4350000.0 19868578.389338206 19872458.254310925 1254049.8704980349 1243950.0043181586 0.0 0.0 4909214.9166870015 4663098.86352989 3.189000129699707
69 40000.0 125000.0 4600000.0 19861108.601577826 19864968.37673697 1246953.5721247566 1236854.1148309254 0.0 0.0 4909214.9166870015 4663098.86352989 4.174000024795532
70 60000.0 125000.0 3600000.0 17330141.017795995 17435688.443467274 1297141.8258733111 1266910.3933872695 0.0 0.0 7363822.37503029 6994648.295288029 3.9210000038146973
71 60000.0 125000.0 3850000.0 17319227.80262841 17427390.597550176 1286774.2714668615 1259049.036897939 0.0 0.0 7363822.37503029 6994648.295288029 3.996000051498413
72 60000.0 125000.0 4100000.0 17311797.601713426 17419158.65096985 1279715.5805979695 1251250.1132719174 0.0 0.0 7363822.37503029 6994648.295288029 3.6070001125335693
73 60000.0 125000.0 4350000.0 17305450.94138355 17411682.277845576 1273686.2532841356 1244167.0178462667 0.0 0.0 7363822.37503029 6994648.295288029 5.538000106811523
74 60000.0 125000.0 4600000.0 17299856.474107206 17404237.15213742 1268371.509371917 1237113.5261603794 0.0 0.0 7363822.37503029 6994648.295288029 4.351000070571899
75 80000.0 125000.0 3600000.0 14764806.106511075 14974742.311353847 1314681.1184999896 1266966.201899624 0.0 0.0 9818429.833374482 9326197.727049978 7.003999948501587
76 80000.0 125000.0 3850000.0 14757684.85206728 14966505.150843764 1307915.9267819144 1259162.3385857178 0.0 0.0 9818429.833374482 9326197.727049978 5.8450000286102295
77 80000.0 125000.0 4100000.0 14752508.58377735 14958490.4091452 1302998.471905356 1251569.1942728476 0.0 0.0 9818429.833374482 9326197.727049978 5.133000135421753
78 80000.0 125000.0 4350000.0 14747993.050532933 14952768.020782394 1298708.715323413 1246147.8192140844 0.0 0.0 9818429.833374482 9326197.727049978 5.633000135421753
79 80000.0 125000.0 4600000.0 14744017.39688544 14951232.983699815 1294931.844358383 1244693.5292913036 0.0 0.0 9818429.833374482 9326197.727049978 5.878000020980835
