 A V P E_backup_full E_backup_repr E_loss_stor_full E_loss_stor_repr E_curt_full E_curt_repr E_sol_full E_sol_repr t_repr
0 20000.0 50000.0 3600000.0         6.68999981880188
1 20000.0 50000.0 3850000.0         7.386999845504761
2 20000.0 50000.0 4100000.0         6.66700005531311
3 20000.0 50000.0 4350000.0 16592380.836997658  720636.8058188369  75397.595537396  6658570.484883834  7.996999979019165
4 20000.0 50000.0 4600000.0 16585038.744825438 16478547.990160927 713294.7136478272 713214.8579686583 75397.595537396 0.0 6658570.484883834 6713998.048963288 6.784999847412109
5 40000.0 50000.0 3600000.0         7.335999965667725
6 40000.0 50000.0 3850000.0         4.66100001335144
7 40000.0 50000.0 4100000.0 14027214.641901145  709087.3188457013  4255748.9678347325  9212187.19300798  5.666000127792358
8 40000.0 50000.0 4350000.0 14021212.744126163  703085.4210683812  4255748.9678347325  9212187.19300798  6.1549999713897705
9 40000.0 50000.0 4600000.0 14017958.597951574 13763795.013628917 699831.2748941265 717956.2657067855 4255748.9678347325 3994503.664664732 9212187.19300798 9433492.433261828 6.3459999561309814
10 60000.0 50000.0 3600000.0         4.322000026702881
11 60000.0 50000.0 3850000.0 12226730.50313483  704325.326430931  9193994.901906958  11007909.339356776  6.118000030517578
12 60000.0 50000.0 4100000.0 12222459.576220773  700054.3995160435  9193994.901906958  11007909.339356776  6.925999879837036
13 60000.0 50000.0 4350000.0 12219501.072566815 12215894.609891703 697095.8958600254 721149.491745204 9193994.901906958 9157408.083843425 11007909.339356776 10984586.063049564 6.944999933242798
14 60000.0 50000.0 4600000.0 12216898.182801396 12202937.965014476 694493.0060953507 716062.6510965171 9193994.901906958 9149538.2796246 11007909.339356776 10992455.867269432 7.059999942779541
15 80000.0 50000.0 3600000.0         6.476000070571899
16 80000.0 50000.0 3850000.0 10940857.160636373  696920.0748667055  14649494.891399235  12286377.430286905  4.624000072479248
17 80000.0 50000.0 4100000.0 10937984.567826312  694047.4820560425  14649494.891399235  12286377.430286905  6.460999965667725
18 80000.0 50000.0 4350000.0 10935465.780757817 10647476.4753113 691528.694986766 719902.8522901488 14649494.891399235 14304234.637693083 12286377.430286905 12551757.558164768 7.015000104904175
19 80000.0 50000.0 4600000.0 10933258.05341923 10642404.258247374 689320.9232587955 714808.5076243875 14649494.935789015 14304256.765290894 12286377.385897128 12551735.430567417 9.10099983215332
20 20000.0 75000.0 3600000.0         5.212000131607056
21 20000.0 75000.0 3850000.0 16730294.266034873  933947.8303922749  0.0  6733968.080421236  7.5290000438690186
22 20000.0 75000.0 4100000.0 16721854.474449845 16691343.186980851 925508.0388079395 926010.0548019866 0.0 0.0 6733968.080421236 6713998.048963288 5.871000051498413
23 20000.0 75000.0 4350000.0 16714516.528060105 16679682.49132818 918170.0924179419 914349.3591473392 0.0 0.0 6733968.080421236 6713998.048963288 5.289000034332275
24 20000.0 75000.0 4600000.0 16708032.928895695 16674828.562527282 911686.4932547624 909495.4303468153 0.0 0.0 6733968.080421236 6713998.048963288 5.702000141143799
25 40000.0 75000.0 3600000.0 13011181.561889742  938164.9969031352  3010638.209766237  10457297.951076578  6.276000022888184
26 40000.0 75000.0 3850000.0 13004951.649977373 12749427.284586513 931935.0849920593 941875.3028770868 3010638.209766237 2756216.8984683827 10457297.951076578 10671779.199456867 7.930999994277954
27 40000.0 75000.0 4100000.0 12999509.11165627 12725161.758620141 926492.5466708048 937410.4576101024 3010638.209766237 2736416.217769187 10457297.951076578 10691579.880156472 7.258000135421753
28 40000.0 75000.0 4350000.0 12995037.301928 12720594.45819054 922020.7369419056 932840.2444113842 3010638.209766237 2736419.1305397884 10457297.951076578 10691576.967386542 7.295999765396118
29 40000.0 75000.0 4600000.0 12992854.275155906 12716114.656955428 919837.7101683369 928363.8068615699 3010638.209766237 2736415.766854722 10457297.951076578 10691580.331071828 7.778000116348267
30 60000.0 75000.0 3600000.0 11177828.837460622  924867.2009509351  7924551.36171202  12277352.879552178  5.00600004196167
31 60000.0 75000.0 3850000.0 11172933.07150039 11169004.423911065 919971.4349917602 940146.5742247363 7924551.36171202 7891520.815402409 12277352.879552178 12250473.331491765 7.796000003814697
32 60000.0 75000.0 4100000.0 11169936.925297087 11164460.210924312 916975.2887881371 935552.2465800694 7924551.36171202 7891570.93006329 12277352.879552178 12250423.216831043 8.496999979019165
33 60000.0 75000.0 4350000.0 11168045.1950497 11160006.027619712 915083.5585407336 931099.0417053954 7924551.36171202 7891569.951625946 12277352.879552178 12250424.195268212 5.3470001220703125
34 60000.0 75000.0 4600000.0 11166387.476091474 11155627.041911524 913425.8395829116 926798.4791564441 7924551.36171202 7891491.52847381 12277352.879552178 12250502.618421867 5.809000015258789
35 80000.0 75000.0 3600000.0 9884990.89350674  915229.1709296823  13375319.528203664  13560552.79348106  5.708999872207642
36 80000.0 75000.0 3850000.0 9882161.85214294 9608468.547648737 912400.1295660993 938786.6417480031 13375319.528203664 13046342.92056459 13560552.79348106 13809649.27529238 6.930999994277954
37 80000.0 75000.0 4100000.0 9880375.796248123 9604042.494496727 910614.073671583 934269.8392212989 13375319.528203664 13046433.669946585 13560552.79348106 13809558.525910553 5.541000127792358
38 80000.0 75000.0 4350000.0 9878814.222477587 9599692.787299817 909052.499901102 930025.5458482347 13375319.528203664 13046328.256116753 13560552.79348106 13809663.939740837 6.378000020980835
39 80000.0 75000.0 4600000.0 9877453.835995076 9595406.867842697 907692.1134182368 925628.3989991926 13375319.528203664 13046439.48351393 13560552.79348106 13809552.712343639 6.4029998779296875
40 20000.0 100000.0 3600000.0 16916857.02339592 16891541.703586314 1120510.5877544046 1126208.5713946489 0.0 0.0 6733968.080421236 6713998.048963288 6.417999982833862
41 20000.0 100000.0 3850000.0 16905751.012679726 16879739.53437898 1109404.57703877 1114406.4021873043 0.0 0.0 6733968.080421236 6713998.048963288 6.582000017166138
42 20000.0 100000.0 4100000.0 16897919.992521748 16868035.41882512 1101573.556882179 1102702.28663713 0.0 0.0 6733968.080421236 6713998.048963288 10806.96799993515
43 20000.0 100000.0 4350000.0 16891104.470962238 16856391.61757372 1094758.0353217414 1091058.4853851527 0.0 0.0 6733968.080421236 6713998.048963288 42259.00099992752
44 20000.0 100000.0 4600000.0 16885090.14739283 16851929.815409817 1088743.711754062 1086596.683224731 0.0 0.0 6733968.080421236 6713998.048963288 5.894999980926514
45 40000.0 100000.0 3600000.0 11968222.640384307 11673530.426792769 1134788.5434371226 1133896.1700057744 1771055.7417248832 1488299.1735462423 11696880.419118332 11939696.924380518 4.124000072479248
46 40000.0 100000.0 3850000.0 11963713.620577913 11669353.867738837 1130279.5236317043 1129727.0352573136 1771055.7417248832 1488291.749240569 11696880.419118332 11939704.348685062 4.614000082015991
47 40000.0 100000.0 4100000.0 11959775.39540514 11665281.404559849 1126341.2984588658 1125652.2168357964 1771055.7417248832 1488294.1044849725 11696880.419118332 11939701.993441468 4.039999961853027
48 40000.0 100000.0 4350000.0 11956408.159510292 11661284.65752257 1122974.0625637057 1121651.0049858193 1771055.7417248832 1488298.569301468 11696880.419118332 11939697.528624961 3.9760000705718994
49 40000.0 100000.0 4600000.0 11954924.51974018 11657350.911042351 1121490.422794401 1117714.8014726064 1771055.7417248832 1488301.026330392 11696880.419118332 11939695.071595706 4.187000036239624
50 60000.0 100000.0 3600000.0 10113583.116880018 10112920.141441716 1119444.3638622146 1131777.579667418 6665728.478216697 6643805.52749836 13536175.763047313 13498188.619396212 4.44599986076355
51 60000.0 100000.0 3850000.0 10110091.843874 10108861.46541867 1115953.0908581968 1127677.9260231378 6665728.478216697 6643846.505117888 13536175.763047313 13498147.641775453 4.241000175476074
52 60000.0 100000.0 4100000.0 10107981.333933596 10104892.084374426 1113842.5809170608 1123759.517555847 6665728.478216697 6643795.532536008 13536175.763047313 13498198.614358619 4.374000072479248
53 60000.0 100000.0 4350000.0 10106787.662383767 10100986.35835767 1112648.9093675807 1119806.3861078913 6665728.478216697 6643842.937970391 13536175.763047313 13498151.208924962 4.531999826431274
54 60000.0 100000.0 4600000.0 10105748.71579409 10099176.043456886 1111609.9627773915 1117998.7077685066 6665728.478216697 6643840.301403858 13536175.763047313 13498153.845488353 3.9280002117156982
55 80000.0 100000.0 3600000.0 8816835.838206079 8552570.027450697 1110392.7454685909 1130397.6648969115 12112000.89836377 11798833.377221663 14823871.423321364 15057158.818635806 3.9230000972747803
56 80000.0 100000.0 3850000.0 8814912.70583274 8548619.212278213 1108469.6130966144 1126450.7032714544 12112000.89836377 11798829.523678696 14823871.423321364 15057162.672178863 4.608999967575073
57 80000.0 100000.0 4100000.0 8813826.596138176 8545645.392707001 1107383.5034013428 1123463.6649413265 12112000.89836377 11798842.742438786 14823871.423321364 15057149.453417692 4.309000015258789
58 80000.0 100000.0 4350000.0 8812883.430199016 8544476.357622473 1106440.3374622066 1122301.2091306488 12112000.89836377 11798836.16316392 14823871.423321364 15057156.032693107 4.0950000286102295
59 80000.0 100000.0 4600000.0 8812069.259839317 8543344.648515832 1105626.1671020759 1121230.787309286 12112000.89836377 11798774.875875436 14823871.423321364 15057217.319980314 4.9059998989105225
60 20000.0 125000.0 3600000.0 17079087.392741144 17053383.276398253 1282740.9570999786 1288050.144216947 0.0 0.0 6733968.080421236 6713998.048963288 6.1529998779296875
61 20000.0 125000.0 3850000.0 17068396.30532876 17042422.657282624 1272049.8696881905 1277089.5250969057 0.0 0.0 6733968.080421236 6713998.048963288 5.509999990463257
62 20000.0 125000.0 4100000.0 17060982.734222043 17031557.448274806 1264636.2985831425 1266224.3160910592 0.0 0.0 6733968.080421236 6713998.048963288 4.891999959945679
63 20000.0 125000.0 4350000.0 17054525.562438242 17020749.128116675 1258179.12679761 1255415.9959316857 0.0 0.0 6733968.080421236 6713998.048963288 5.697999954223633
64 20000.0 125000.0 4600000.0 17048834.185390234 17015656.68021192 1252487.7497516617 1250323.5480274933 0.0 0.0 6733968.080421236 6713998.048963288 5.458000183105469
65 40000.0 125000.0 3600000.0 10918099.56935001 10605887.840306759 1321258.8149009892 1318178.3990921262 534462.39922654 236374.35796249 12933473.761616165 13191621.739964535 4.3470001220703125
66 40000.0 125000.0 3850000.0 10914860.523922857 10602170.443364196 1318019.7694743949 1314459.580351595 534462.39922654 236375.77975935 12933473.761616165 13191620.31816819 4.490000009536743
67 40000.0 125000.0 4100000.0 10912033.53489301 10598531.458281131 1315192.7804456016 1310820.065711734 534462.39922654 236376.30932190001 12933473.761616165 13191619.788604321 4.502000093460083
68 40000.0 125000.0 4350000.0 10909573.33966669 10596308.082657551 1312732.585218712 1308599.8531977264 534462.39922654 236373.14620843 12933473.761616165 13191622.95171911 4.621999979019165
69 40000.0 125000.0 4600000.0 10908525.127930516 10595229.117375022 1311684.3734838795 1307521.5220081187 534462.39922654 236372.51211606996 12933473.761616165 13191623.585810909 6.33899998664856
70 60000.0 125000.0 3600000.0 9043713.278936306 9045119.334069036 1301942.7488494941 1304768.5268505565 5413360.255281735 5403013.77292244 14788543.985982932 14738980.373970771 5.148999929428101
71 60000.0 125000.0 3850000.0 9041275.039937453 9041804.450780757 1299504.509852805 1301429.98061507 5413360.255281735 5403037.435876222 14788543.985982932 14738956.71101702 6.795000076293945
72 60000.0 125000.0 4100000.0 9039804.63735186 9040712.178580098 1298034.1072674468 1300357.7504202446 5413360.255281735 5403017.393863659 14788543.985982932 14738976.75302833 6.8420000076293945
73 60000.0 125000.0 4350000.0 9039086.14362512 9039657.591217676 1297315.613539399 1299279.538147502 5413360.255281735 5403041.018773789 14788543.985982932 14738953.128121562 5.968000173568726
74 60000.0 125000.0 4600000.0 9038468.400781337 9038634.31870885 1296697.870696064 1298254.6799709124 5413360.255281735 5403042.604444305 14788543.985982932 14738951.54244719 4.639000177383423
75 80000.0 125000.0 3600000.0 7743291.793046667 7486735.199724207 1292432.131283506 1305350.3220492357 10856417.46738251 10558045.892339133 16079454.85430114 16297946.303518714 5.607000112533569
76 80000.0 125000.0 3850000.0 7742030.960863632 7485664.784254774 1291171.29833199 1304281.536073548 10856417.468150977 10558044.262851592 16079454.853532664 16297947.933004223 7.641000032424927
77 80000.0 125000.0 4100000.0 7741405.680823271 7484636.2841715645 1290546.018292737 1303307.8453899217 10856417.468150977 10557989.453446832 16079454.853532664 16298002.742411388 7.2789998054504395
78 80000.0 125000.0 4350000.0 7740872.769040685 7483637.974972945 1290013.1065098008 1302248.7587082146 10856417.468150977 10558050.230932655 16079454.853532664 16297941.964924194 6.069999933242798
79 80000.0 125000.0 4600000.0 7740420.480863705 7482664.891564915 1289560.8183322155 1301281.0300354315 10856417.468150977 10558044.876197884 16079454.853532664 16297947.319657795 6.1000001430511475
