 A V P E_backup_full E_backup_repr E_loss_stor_full E_loss_stor_repr E_curt_full E_curt_repr E_sol_full E_sol_repr t_repr
0 20000.0 50000.0 3600000.0         4.454999923706055
1 20000.0 50000.0 3850000.0         4.19100022315979
2 20000.0 50000.0 4100000.0  16287419.597397748  728185.2541768264  0.0  6755679.952205683 4.6579999923706055
3 20000.0 50000.0 4350000.0 16592380.836997658 16277880.185400808 720636.8058188369 718645.842182652 75397.595537396 0.0 6658570.484883834 6755679.952205683 4.287999868392944
4 20000.0 50000.0 4600000.0 16585038.744825438 16268781.22719906 713294.7136478272 709546.8839793835 75397.595537396 0.0 6658570.484883834 6755679.952205683 5.015000104904175
5 40000.0 50000.0 3600000.0         4.503999948501587
6 40000.0 50000.0 3850000.0  12445478.92460174  740079.9910224044  2901844.5425580507  10609515.361856936 5.1570000648498535
7 40000.0 50000.0 4100000.0 14027214.641901145 12272775.08178233 709087.3188457013 731408.2335790602 4255748.9678347325 2737812.457182461 9212187.19300798 10773547.447230743 7.382999897003174
8 40000.0 50000.0 4350000.0 14021212.744126163 12263542.825532 703085.4210683812 722179.7157775707 4255748.9678347325 2737808.7187332525 9212187.19300798 10773551.185681337 5.771999835968018
9 40000.0 50000.0 4600000.0 14017958.597951574 12254402.38589597 699831.2748941265 713037.5332677738 4255748.9678347325 2737810.461611658 9212187.19300798 10773549.442801902 4.726999998092651
10 60000.0 50000.0 3600000.0  10732006.343601521  732878.3107535607  7951253.594039086  12315786.262579853 5.494999885559082
11 60000.0 50000.0 3850000.0 12226730.50313483 10684116.7624491 704325.326430931 723829.65509058 9193994.901906958 7912412.66854406 11007909.339356776 12354627.188074771 6.581000089645386
12 60000.0 50000.0 4100000.0 12222459.576220773 10675004.512467649 700054.3995160435 714717.4272418043 9193994.901906958 7912412.646413916 11007909.339356776 12354627.210204186 6.003999948501587
13 60000.0 50000.0 4350000.0 12219501.072566815 10665975.541314399 697095.8958600254 705681.8644759498 9193994.901906958 7912419.238026051 11007909.339356776 12354620.618592212 6.33299994468689
14 60000.0 50000.0 4600000.0 12216898.182801396 10659340.96986724 694493.0060953507 699057.5198651501 9193994.901906958 7912409.01119277 11007909.339356776 12354630.845426777 4.361000061035156
15 80000.0 50000.0 3600000.0  9095621.5563427  716775.2949418024  13086651.77480793  13936068.034017228 5.5340001583099365
16 80000.0 50000.0 3850000.0 10940857.160636373 9086634.2860591 696920.0748667055 707767.0388347534 14649494.891399235 13086672.760627577 12286377.430286905 13936047.048197074 6.9649999141693115
17 80000.0 50000.0 4100000.0 10937984.567826312 9085818.712002482 694047.4820560425 706955.1336543604 14649494.891399235 13086669.091759022 12286377.430286905 13936050.717069007 6.574000120162964
18 80000.0 50000.0 4350000.0 10935465.780757817 9085495.789256573 691528.694986766 706629.4297537436 14649494.891399235 13086671.872912819 12286377.430286905 13936047.935914518 6.044999837875366
19 80000.0 50000.0 4600000.0 10933258.05341923 9085207.982657997 689320.9232587955 706357.9482982457 14649494.935789015 13086655.547764895 12286377.385897128 13936064.261059692 7.294999837875366
20 20000.0 75000.0 3600000.0  16497927.227795882  938692.8845703909  0.0  6755679.952205683 6.4049999713897705
21 20000.0 75000.0 3850000.0 16730294.266034873 16489289.52098374 933947.8303922749 930055.1777571144 0.0 0.0 6733968.080421236 6755679.952205683 6.139999866485596
22 20000.0 75000.0 4100000.0 16721854.474449845 16480813.25108128 925508.0388079395 921578.9078550484 0.0 0.0 6733968.080421236 6755679.952205683 7.313999891281128
23 20000.0 75000.0 4350000.0 16714516.528060105 16472470.066945098 918170.0924179419 913235.7237188377 0.0 0.0 6733968.080421236 6755679.952205683 6.680999994277954
24 20000.0 75000.0 4600000.0 16708032.928895695 16464539.408104382 911686.4932547624 905305.0648813334 0.0 0.0 6733968.080421236 6755679.952205683 6.646999835968018
25 40000.0 75000.0 3600000.0 13011181.561889742 11234970.629962 938164.9969031352 965412.4248408905 3010638.209766237 1466003.8140992036 10457297.951076578 12045356.090315834 7.124000072479248
26 40000.0 75000.0 3850000.0 13004951.649977373 11226859.0158411 931935.0849920593 957303.4358227496 3010638.209766237 1466001.1889992922 10457297.951076578 12045358.715414064 5.927999973297119
27 40000.0 75000.0 4100000.0 12999509.11165627 11218844.053131599 926492.5466708048 949288.2200845246 3010638.209766237 1466001.4420309223 10457297.951076578 12045358.462383484 6.28600001335144
28 40000.0 75000.0 4350000.0 12995037.301928 11210909.071704 922020.7369419056 941351.1765320163 3010638.209766237 1466003.504150504 10457297.951076578 12045356.40026404 6.83899998664856
29 40000.0 75000.0 4600000.0 12992854.275155906 11203041.012048598 919837.7101683369 933478.9566869531 3010638.209766237 1466007.664339932 10457297.951076578 12045352.240074014 5.063000202178955
30 60000.0 75000.0 3600000.0 11177828.837460622 9638252.6146815 924867.2009509351 950291.2108644982 7924551.36171202 6640086.965006113 12277352.879552178 13626952.891614718 5.2809998989105225
31 60000.0 75000.0 3850000.0 11172933.07150039 9630348.251089301 919971.4349917602 942399.0915721023 7924551.36171202 6640074.720709356 12277352.879552178 13626965.135910388 6.303999900817871
32 60000.0 75000.0 4100000.0 11169936.925297087 9622774.5047602 916975.2887881371 934812.9495881269 7924551.36171202 6640087.116363253 12277352.879552178 13626952.740254913 6.022000074386597
33 60000.0 75000.0 4350000.0 11168045.1950497 9622458.136344833 915083.5585407336 934491.7429642479 7924551.36171202 6640091.954571487 12277352.879552178 13626947.902048413 5.944000005722046
34 60000.0 75000.0 4600000.0 11166387.476091474 9622176.27075068 913425.8395829116 934219.189850538 7924551.36171202 6640082.642091429 12277352.879552178 13626957.21452786 6.00600004196167
35 80000.0 75000.0 3600000.0 9884990.89350674 8047340.983553479 915229.1709296823 941539.1889198909 13375319.528203664 11813607.308032105 13560552.79348106 15209112.500793181 6.040999889373779
36 80000.0 75000.0 3850000.0 9882161.85214294 8047056.31660434 912400.1295660993 941255.3766625046 13375319.528203664 11813606.453344807 13560552.79348106 15209113.355481422 5.566999912261963
37 80000.0 75000.0 4100000.0 9880375.796248123 8046806.378645187 910614.073671583 941000.5602795298 13375319.528203664 11813611.331776336 13560552.79348106 15209108.47704965 5.86299991607666
38 80000.0 75000.0 4350000.0 9878814.222477587 8046585.240230152 909052.499901102 940785.146537281 13375319.528203664 11813605.607097138 13560552.79348106 15209114.201727549 6.396999835968018
39 80000.0 75000.0 4600000.0 9877453.835995076 8046388.0463194195 907692.1134182368 940590.8348310852 13375319.528203664 11813602.724896317 13560552.79348106 15209117.08392947 7.60099983215332
40 20000.0 100000.0 3600000.0 16916857.02339592 16672379.301562201 1120510.5877544046 1113144.9583353964 0.0 0.0 6733968.080421236 6755679.952205683 6.6539998054504395
41 20000.0 100000.0 3850000.0 16905751.012679726 16663600.55936072 1109404.57703877 1104366.2161374402 0.0 0.0 6733968.080421236 6755679.952205683 5.45199990272522
42 20000.0 100000.0 4100000.0 16897919.992521748 16655886.319237601 1101573.556882179 1096651.9760122923 0.0 0.0 6733968.080421236 6755679.952205683 6.131999969482422
43 20000.0 100000.0 4350000.0 16891104.470962238 16648295.199611882 1094758.0353217414 1089060.8563842755 0.0 0.0 6733968.080421236 6755679.952205683 5.075999975204468
44 20000.0 100000.0 4600000.0 16885090.14739283 16641101.41735348 1088743.711754062 1081867.0741283793 0.0 0.0 6733968.080421236 6755679.952205683 4.083999872207642
45 40000.0 100000.0 3600000.0 11968222.640384307 10168691.18905735 1134788.5434371226 1159580.2172366253 1771055.7417248832 205556.58079715996 11696880.419118332 13305803.323616164 4.944999933242798
46 40000.0 100000.0 3850000.0 11963713.620577913 10161456.1235695 1130279.5236317043 1152347.4740706596 1771055.7417248832 205554.25847400003 11696880.419118332 13305805.645939564 4.651000022888184
47 40000.0 100000.0 4100000.0 11959775.39540514 10154292.981219102 1126341.2984588658 1145182.134995532 1771055.7417248832 205556.45519963998 11696880.419118332 13305803.449215123 5.953000068664551
48 40000.0 100000.0 4350000.0 11956408.159510292 10148146.115350181 1122974.0625637057 1139036.0813928861 1771055.7417248832 205555.64293044002 11696880.419118332 13305804.261483725 3.994999885559082
49 40000.0 100000.0 4600000.0 11954924.51974018 10147861.28195434 1121490.422794401 1138754.8686214753 1771055.7417248832 205552.02231132 11696880.419118332 13305807.882102363 4.46399998664856
50 60000.0 100000.0 3600000.0 10113583.116880018 8573008.6326624 1119444.3638622146 1145273.4518215714 6665728.478216697 5379860.742021696 13536175.763047313 14887179.114596354 6.398000001907349
51 60000.0 100000.0 3850000.0 10110091.843874 8571509.754937416 1115953.0908581968 1143784.1950304008 6665728.478216697 5379851.1210944615 13536175.763047313 14887188.735525688 4.1519999504089355
52 60000.0 100000.0 4100000.0 10107981.333933596 8571252.19649216 1113842.5809170608 1143531.0336502371 6665728.478216697 5379846.724029111 13536175.763047313 14887193.132589351 6.517999887466431
53 60000.0 100000.0 4350000.0 10106787.662383767 8571024.226278499 1112648.9093675807 1143304.425891159 6665728.478216697 5379845.361572592 13536175.763047313 14887194.495045567 5.523000001907349
54 60000.0 100000.0 4600000.0 10105748.71579409 8570821.030952375 1111609.9627773915 1143108.5930666595 6665728.478216697 5379837.999076117 13536175.763047313 14887201.857543366 5.501000165939331
55 80000.0 100000.0 3600000.0 8816835.838206079 6994674.0441256 1110392.7454685909 1149455.4933366894 12112000.89836377 10553024.064192543 14823871.423321364 16469695.744633008 4.930999994277954
56 80000.0 100000.0 3850000.0 8814912.70583274 6994478.6948220795 1108469.6130966144 1149272.3711503914 12112000.89836377 10553011.837079054 14823871.423321364 16469707.971745785 5.463000059127808
57 80000.0 100000.0 4100000.0 8813826.596138176 6994307.170367581 1107383.5034013428 1149102.1477063522 12112000.89836377 10553010.53606849 14823871.423321364 16469709.272755226 5.729999780654907
58 80000.0 100000.0 4350000.0 8812883.430199016 6994155.3793301415 1106440.3374622066 1148961.8666012923 12112000.89836377 10552999.026135014 14823871.423321364 16469720.782690255 6.171000003814697
59 80000.0 100000.0 4600000.0 8812069.259839317 6994020.116124719 1105626.1671020759 1148823.2858881592 12112000.89836377 10553002.343642363 14823871.423321364 16469717.465182906 6.6519999504089355
60 20000.0 125000.0 3600000.0 17079087.392741144 16834370.20341613 1282740.9570999786 1275135.860196024 0.0 0.0 6733968.080421236 6755679.952205683 7.400000095367432
61 20000.0 125000.0 3850000.0 17068396.30532876 16825198.060817573 1272049.8696881905 1265963.7175906522 0.0 0.0 6733968.080421236 6755679.952205683 6.266999959945679
62 20000.0 125000.0 4100000.0 17060982.734222043 16818024.21727588 1264636.2985831425 1258789.8740509285 0.0 0.0 6733968.080421236 6755679.952205683 5.677999973297119
63 20000.0 125000.0 4350000.0 17054525.562438242 16810966.42007807 1258179.12679761 1251732.0768530592 0.0 0.0 6733968.080421236 6755679.952205683 6.500999927520752
64 20000.0 125000.0 4600000.0 17048834.185390234 16804296.973348 1252487.7497516617 1245062.630125463 0.0 0.0 6733968.080421236 6755679.952205683 7.13100004196167
65 40000.0 125000.0 3600000.0 10918099.56935001 10125229.71783985 1321258.8149009892 1321675.3268151055 534462.39922654 0.0 12933473.761616165 13511359.904414164 6.240999937057495
66 40000.0 125000.0 3850000.0 10914860.523922857 10118521.8145308 1318019.7694743949 1314967.423507336 534462.39922654 0.0 12933473.761616165 13511359.904414164 6.638000011444092
67 40000.0 125000.0 4100000.0 10912033.53489301 10111879.9854119 1315192.7804456016 1308325.5943883366 534462.39922654 0.0 12933473.761616165 13511359.904414164 4.503999948501587
68 40000.0 125000.0 4350000.0 10909573.33966669 10106624.19403952 1312732.585218712 1303069.803016132 534462.39922654 0.0 12933473.761616165 13511359.904414164 5.825000047683716
69 40000.0 125000.0 4600000.0 10908525.127930516 10106361.97469976 1311684.3734838795 1302807.5836755552 534462.39922654 0.0 12933473.761616165 13511359.904414164 6.997999906539917
70 60000.0 125000.0 3600000.0 9043713.278936306 7510889.751437074 1301942.7488494941 1335421.487504795 5413360.255281735 4127593.825125487 14788543.985982932 16139446.031495575 7.359000205993652
71 60000.0 125000.0 3850000.0 9041275.039937453 7510680.70356156 1299504.509852805 1335222.343935975 5413360.255281735 4127583.920819668 14788543.985982932 16139455.935799751 7.123000144958496
72 60000.0 125000.0 4100000.0 9039804.63735186 7510497.12117222 1298034.1072674468 1335038.5596879283 5413360.255281735 4127584.1226736833 14788543.985982932 16139455.733946607 6.25
73 60000.0 125000.0 4350000.0 9039086.14362512 7510334.678661079 1297315.613539399 1334888.9506262026 5413360.255281735 4127571.2892241515 14788543.985982932 16139468.5673952 6.266999959945679
74 60000.0 125000.0 4600000.0 9038468.400781337 7510189.8914896 1296697.870696064 1334739.8440402322 5413360.255281735 4127575.608643057 14788543.985982932 16139464.247974101 6.014000177383423
75 80000.0 125000.0 3600000.0 7743291.793046667 5933128.15482674 1292432.131283506 1340316.0949985157 10856417.46738251 9300617.573230805 16079454.85430114 17722102.235593766 6.486999988555908
76 80000.0 125000.0 3850000.0 7742030.960863632 5932997.677619068 1291171.29833199 1340199.2200123768 10856417.468150977 9300603.971018596 16079454.853532664 17722115.83780704 6.588000059127808
77 80000.0 125000.0 4100000.0 7741405.680823271 5932883.162244501 1290546.018292737 1340082.871926371 10856417.468150977 9300605.80372287 16079454.853532664 17722114.005102158 7.019000053405762
78 80000.0 125000.0 4350000.0 7740872.769040685 5932781.79479202 1290013.1065098008 1339989.730604569 10856417.468150977 9300597.577598482 16079454.853532664 17722122.23122543 7.170000076293945
79 80000.0 125000.0 4600000.0 7740420.480863705 5932691.42265415 1289560.8183322155 1339892.665502697 10856417.468150977 9300604.270559687 16079454.853532664 17722115.538266283 6.78600001335144
