 A V P E_backup_full E_backup_repr E_loss_stor_full E_loss_stor_repr E_curt_full E_curt_repr E_sol_full E_sol_repr t_repr
0 20000.0 50000.0 3600000.0         3.453000068664551
1 20000.0 50000.0 3850000.0         3.238999843597412
2 20000.0 50000.0 4100000.0         3.3499999046325684
3 20000.0 50000.0 4350000.0         4.165999889373779
4 20000.0 50000.0 4600000.0 21854538.057617407 21738642.220137417 686104.0970168937 681077.7799980137 0.0 0.0 2454607.4583434653 2393147.9902647506 4.311000108718872
5 40000.0 50000.0 3600000.0         3.330000162124634
6 40000.0 50000.0 3850000.0         3.4709999561309814
7 40000.0 50000.0 4100000.0         3.3869998455047607
8 40000.0 50000.0 4350000.0 19302437.06376168  716215.6111994324  0.0  4909214.9166870015  3.6989998817443848
9 40000.0 50000.0 4600000.0 19292852.736871768 19223425.483606305 707110.500652589 691316.3250894175 0.0 0.0 4909214.9166870015 4786295.98052818 5.085999965667725
10 60000.0 50000.0 3600000.0         4.459000110626221
11 60000.0 50000.0 3850000.0         6.67900013923645
12 60000.0 50000.0 4100000.0         5.5370001792907715
13 60000.0 50000.0 4350000.0 17811136.186691366  718607.9570548973  1035479.2792680231  6328343.095762517  6.305000066757202
14 60000.0 50000.0 4600000.0 17802734.210706 17526573.379604124 710625.8084183936 694187.6576177089 1035479.550717813 782683.62331819 6328342.82431272 6396760.347475921 8.15499997138977
15 80000.0 50000.0 3600000.0         6.141000032424927
16 80000.0 50000.0 3850000.0         6.324999809265137
17 80000.0 50000.0 4100000.0         6.958999872207642
18 80000.0 50000.0 4350000.0 16920610.382523663  714297.5444210961  2648397.636290072  7170032.197084365  6.909999847412109
19 80000.0 50000.0 4600000.0 16912627.51586621 17001760.59066675 706713.5676110379 688205.5578123071 2648397.8897744752 2684607.51498676 7170031.943599923 6887984.446071039 7.696000099182129
20 20000.0 75000.0 3600000.0         6.528000116348267
21 20000.0 75000.0 3850000.0         7.358000040054321
22 20000.0 75000.0 4100000.0 22088758.59971543 21959501.041769434 908613.6120130093 890318.8225127072 0.0 0.0 2454607.4583434653 2393147.9902647506 8.722000122070312
23 20000.0 75000.0 4350000.0 22076513.403140847 21954452.372989085 896980.6752662795 885535.7275392081 0.0 0.0 2454607.4583434653 2393147.9902647506 6.174000024795532
24 20000.0 75000.0 4600000.0 22065915.77019295 21949568.035787407 886912.9239635947 880908.3198625338 0.0 0.0 2454607.4583434653 2393147.9902647506 6.371000051498413
25 40000.0 75000.0 3600000.0         6.596999883651733
26 40000.0 75000.0 3850000.0 19531371.59926638 19447285.17886957 933703.419930575 903400.3870628886 0.0 0.0 4909214.9166870015 4786295.98052818 7.656999826431274
27 40000.0 75000.0 4100000.0 19518951.31136528 19442313.1873508 921904.1464247431 898689.935909483 0.0 0.0 4909214.9166870015 4786295.98052818 3.801999807357788
28 40000.0 75000.0 4350000.0 19509275.863559186 19437571.8496519 912712.4710092264 894198.0055730459 0.0 0.0 4909214.9166870015 4786295.98052818 3.9860000610351562
29 40000.0 75000.0 4600000.0 19500730.7410772 19432939.050670803 904594.6046506256 889808.9045085664 0.0 0.0 4909214.9166870015 4786295.98052818 4.4040000438690186
30 60000.0 75000.0 3600000.0         3.2129998207092285
31 60000.0 75000.0 3850000.0 16966249.892479107 16930871.952082384 951445.2568258119 912505.3805601124 0.0 0.0 7363822.37503029 7179443.970794329 4.051999807357788
32 60000.0 75000.0 4100000.0 16957962.426905293 16926267.553978644 943572.1645296622 908143.1864039288 0.0 0.0 7363822.37503029 7179443.970794329 4.223999977111816
33 60000.0 75000.0 4350000.0 16950758.23037074 16923504.55372612 936728.1778227141 905525.527538902 0.0 0.0 7363822.37503029 7179443.970794329 3.63700008392334
34 60000.0 75000.0 4600000.0 16944390.194861066 16920927.15130645 930678.54408677 903083.7035494592 0.0 0.0 7363822.37503029 7179443.970794329 3.627999782562256
35 80000.0 75000.0 3600000.0         3.0360000133514404
36 80000.0 75000.0 3850000.0 15859253.481663207 15898489.067012545 945875.6251627707 911767.1713270482 1408530.499734648 1415809.48263392 8409899.33363975 8156782.478424429 4.004999876022339
37 80000.0 75000.0 4100000.0 15851705.451814318 15895623.772014221 938704.9398226759 909050.6985581156 1408530.5567173 1415811.3827568698 8409899.27665724 8156780.578301368 3.63700008392334
38 80000.0 75000.0 4350000.0 15845125.83616458 15893036.696763504 932454.3619387472 906598.19039117 1408530.499734648 1415812.90293047 8409899.33363975 8156779.058127658 3.7819998264312744
39 80000.0 75000.0 4600000.0 15839309.789978268 15890616.58341459 926929.0159096755 904310.6402247148 1408530.60188408 1415807.64433724 8409899.23149037 8156784.316721659 3.639000177383423
40 20000.0 100000.0 3600000.0 22311826.77547999 22167215.488625716 1120528.3789886814 1087106.9203883032 0.0 0.0 2454607.4583434653 2393147.9902647506 3.924999952316284
41 20000.0 100000.0 3850000.0 22293054.39661361 22152704.247779466 1102694.6190643234 1073359.0105707427 0.0 0.0 2454607.4583434653 2393147.9902647506 3.868000030517578
42 20000.0 100000.0 4100000.0 22276630.065591466 22147811.535698496 1087091.5045940843 1068723.6685412014 0.0 0.0 2454607.4583434653 2393147.9902647506 7.831000089645386
43 20000.0 100000.0 4350000.0 22265283.95916933 22143193.38870942 1076312.703494332 1064348.4487291994 0.0 0.0 2454607.4583434653 2393147.9902647506 4.248999834060669
44 20000.0 100000.0 4600000.0 22255530.447990745 22138744.430580087 1067046.8678735238 1060133.5179943314 0.0 0.0 2454607.4583434653 2393147.9902647506 4.3450000286102295
45 40000.0 100000.0 3600000.0 19731678.402889587 19643703.24240354 1123994.883370072 1089486.3223212725 0.0 0.0 4909214.9166870015 4786295.98052818 3.740999937057495
46 40000.0 100000.0 3850000.0 19716679.070479285 19634299.91869654 1109745.5175806645 1080577.639204469 0.0 0.0 4909214.9166870015 4786295.98052818 3.757999897003174
47 40000.0 100000.0 4100000.0 19704926.256927256 19629766.16754287 1098580.3447064648 1076282.375776616 0.0 0.0 4909214.9166870015 4786295.98052818 4.762999773025513
48 40000.0 100000.0 4350000.0 19695960.87802665 19625436.481875222 1090063.2347509286 1072180.4434303858 0.0 0.0 4909214.9166870015 4786295.98052818 5.0980000495910645
49 40000.0 100000.0 4600000.0 19688051.42990029 19621217.704721104 1082549.2590314627 1068183.5855231774 0.0 0.0 4909214.9166870015 4786295.98052818 4.5290000438690186
50 60000.0 100000.0 3600000.0 17160635.38852426 17125545.54390303 1136111.4780650006 1096938.6080889422 0.0 0.0 7363822.37503029 7179443.970794329 4.006999969482422
51 60000.0 100000.0 3850000.0 17149153.601652633 17116949.13816578 1125203.78053817 1088794.3968454935 0.0 0.0 7363822.37503029 7179443.970794329 5.000999927520752
52 60000.0 100000.0 4100000.0 17141456.835958913 17112628.617288176 1117891.853128507 1084701.1471987092 0.0 0.0 7363822.37503029 7179443.970794329 5.359999895095825
53 60000.0 100000.0 4350000.0 17134761.45094862 17109897.55262202 1111531.2373688135 1082113.7440083313 0.0 0.0 7363822.37503029 7179443.970794329 7.009999990463257
54 60000.0 100000.0 4600000.0 17128851.52582024 17107527.391451743 1105916.8084981444 1079868.259815008 0.0 0.0 7363822.37503029 7179443.970794329 10.087000131607056
55 80000.0 100000.0 3600000.0 14775611.335811595 14779899.897869144 1151488.567898515 1111675.338603821 173457.51843737 156153.00113160003 9644972.31493722 9416438.959926859 8.639999866485596
56 80000.0 100000.0 3850000.0 14768072.244537732 14774680.16710384 1144326.324010257 1106729.7608906026 173457.62561835998 156153.4202151 9644972.207756333 9416438.54084347 7.072999954223633
57 80000.0 100000.0 4100000.0 14762443.383749845 14773609.97733289 1138978.9062596115 1105716.7288833156 173457.62561835998 156152.5573608 9644972.207756333 9416439.40369667 7.490000009536743
58 80000.0 100000.0 4350000.0 14757537.561658433 14773399.190512056 1134318.3086562671 1105517.030022821 173457.69223545 156152.5573608 9644972.14113927 9416439.40369667 8.493000030517578
59 80000.0 100000.0 4600000.0 14753211.619525725 14773224.83049202 1130208.8374290278 1105349.2532485095 173457.51843737 156155.145938 9644972.31493722 9416436.815120239 7.569999933242798
60 20000.0 125000.0 3600000.0 22483473.690267336 22341412.683344334 1283592.9480340905 1252140.8653971711 0.0 0.0 2454607.4583434653 2393147.9902647506 7.378999948501587
61 20000.0 125000.0 3850000.0 22465827.15933031 22326117.5962369 1266828.7436441574 1237650.3417799654 0.0 0.0 2454607.4583434653 2393147.9902647506 7.353000164031982
62 20000.0 125000.0 4100000.0 22450376.191983704 22321558.78553613 1252150.3246668265 1233331.3370134803 0.0 0.0 2454607.4583434653 2393147.9902647506 7.753999948501587
63 20000.0 125000.0 4350000.0 22439437.189471044 22317244.68605453 1241758.2722792341 1229244.170986114 0.0 0.0 2454607.4583434653 2393147.9902647506 7.299000024795532
64 20000.0 125000.0 4600000.0 22430277.183366746 22313104.89618343 1233056.266478271 1225322.1454095598 0.0 0.0 2454607.4583434653 2393147.9902647506 7.759999990463257
65 40000.0 125000.0 3600000.0 19902517.763027184 19816762.704964932 1286292.275500686 1253442.3830094018 0.0 0.0 4909214.9166870015 4786295.98052818 4.9039998054504395
66 40000.0 125000.0 3850000.0 19888372.675305746 19807086.01573731 1272854.4421663538 1244274.714152509 0.0 0.0 4909214.9166870015 4786295.98052818 4.196000099182129
67 40000.0 125000.0 4100000.0 19877055.54063746 19802862.47293334 1262103.1642328172 1240273.3412736873 0.0 0.0 4909214.9166870015 4786295.98052818 4.045000076293945
68 40000.0 125000.0 4350000.0 19868578.389338206 19798823.236908365 1254049.8704980349 1236446.5801353618 0.0 0.0 4909214.9166870015 4786295.98052818 4.013000011444092
69 40000.0 125000.0 4600000.0 19861108.601577826 19794898.036862675 1246953.5721247566 1232727.8563690218 0.0 0.0 4909214.9166870015 4786295.98052818 4.144000053405762
70 60000.0 125000.0 3600000.0 17330141.017795995 17297986.721697006 1297141.8258733111 1260308.9074939203 0.0 0.0 7363822.37503029 7179443.970794329 4.687999963760376
71 60000.0 125000.0 3850000.0 17319227.80262841 17289079.390948206 1286774.2714668615 1251870.1267515358 0.0 0.0 7363822.37503029 7179443.970794329 4.9679999351501465
72 60000.0 125000.0 4100000.0 17311797.601713426 17285055.65487127 1279715.5805979695 1248058.050218303 0.0 0.0 7363822.37503029 7179443.970794329 4.055000066757202
73 60000.0 125000.0 4350000.0 17305450.94138355 17282228.676370677 1273686.2532841356 1245379.7785363884 0.0 0.0 7363822.37503029 7179443.970794329 4.101999998092651
74 60000.0 125000.0 4600000.0 17299856.474107206 17280003.56685986 1268371.509371917 1243271.7158893547 0.0 0.0 7363822.37503029 7179443.970794329 4.313999891281128
75 80000.0 125000.0 3600000.0 14764806.106511075 14788889.700673806 1314681.1184999896 1276345.254281331 0.0 0.0 9818429.833374482 9572591.961058019 4.760999917984009
76 80000.0 125000.0 3850000.0 14757684.85206728 14783282.79824675 1307915.9267819144 1271033.2902898388 0.0 0.0 9818429.833374482 9572591.961058019 4.559999942779541
77 80000.0 125000.0 4100000.0 14752508.58377735 14782460.638548275 1302998.471905356 1270254.3784450297 0.0 0.0 9818429.833374482 9572591.961058019 4.442000150680542
78 80000.0 125000.0 4350000.0 14747993.050532933 14782264.754463112 1298708.715323413 1270068.7984018268 0.0 0.0 9818429.833374482 9572591.961058019 4.0970001220703125
79 80000.0 125000.0 4600000.0 14744017.39688544 14782103.78936265 1294931.844358383 1269916.3005176783 0.0 0.0 9818429.833374482 9572591.961058019 3.51200008392334
