 A V P E_backup_full E_backup_repr E_loss_stor_full E_loss_stor_repr E_curt_full E_curt_repr E_sol_full E_sol_repr t_repr
0 20000.0 50000.0 3600000.0         3.8959999084472656
1 20000.0 50000.0 3850000.0         4.523000001907349
2 20000.0 50000.0 4100000.0         7.108000040054321
3 20000.0 50000.0 4350000.0 16592380.836997658 16443381.42691594 720636.8058188369 726363.9843458693 75397.595537396 0.0 6658570.484883834 6893198.277702763 5.926000118255615
4 20000.0 50000.0 4600000.0 16585038.744825438 16432861.434084758 713294.7136478272 715843.9915081599 75397.595537396 0.0 6658570.484883834 6893198.277702763 8.610999822616577
5 40000.0 50000.0 3600000.0         6.9049999713897705
6 40000.0 50000.0 3850000.0         7.555000066757202
7 40000.0 50000.0 4100000.0 14027214.641901145 14434128.626912205 709087.3188457013 731904.6445864029 4255748.9678347325 4878404.817443636 9212187.19300798 8907991.737964673 8.242000102996826
8 40000.0 50000.0 4350000.0 14021212.744126163 14408733.37895348 703085.4210683812 725526.425564703 4255748.9678347325 4859387.788510948 9212187.19300798 8927008.766900849 7.886999845504761
9 40000.0 50000.0 4600000.0 14017958.597951574 14400307.665987525 699831.2748941265 717038.4860867043 4255748.9678347325 4859450.015011532 9212187.19300798 8926946.54039907 7.559999942779541
10 60000.0 50000.0 3600000.0         11.149999856948853
11 60000.0 50000.0 3850000.0 12226730.50313483 12776150.75134391 704325.326430931 731576.5275845953 9193994.901906958 10113953.336581323 11007909.339356776 10565641.496527353 8.307000160217285
12 60000.0 50000.0 4100000.0 12222459.576220773 12738748.74730199 700054.3995160435 726014.7331536317 9193994.901906958 10082113.12698091 11007909.339356776 10597481.706129532 7.976999998092651
13 60000.0 50000.0 4350000.0 12219501.072566815 12730237.24335048 697095.8958600254 717481.4305858574 9193994.901906958 10082134.92559766 11007909.339356776 10597459.907513382 7.9649999141693115
14 60000.0 50000.0 4600000.0 12216898.182801396 12721945.221350094 694493.0060953507 709184.9533629274 9193994.901906958 10082139.380808674 11007909.339356776 10597455.452301625 7.519000053405762
15 80000.0 50000.0 3600000.0  11123208.04027741  731380.9206934397  15354404.51011919  12218388.60069835 8.282999992370605
16 80000.0 50000.0 3850000.0 10940857.160636373 11069664.535601743 696920.0748667055 727504.2274359739 14649494.891399235 15304737.698705677 12286377.430286905 12268055.412107788 7.95799994468689
17 80000.0 50000.0 4100000.0 10937984.567826312 11060503.999501195 694047.4820560425 718339.6550212643 14649494.891399235 15304741.73500778 12286377.430286905 12268051.375805294 7.921999931335449
18 80000.0 50000.0 4350000.0 10935465.780757817 11052124.982615165 691528.694986766 709967.944909399 14649494.891399235 15304734.428248495 12286377.430286905 12268058.682566097 7.92300009727478
19 80000.0 50000.0 4600000.0 10933258.05341923 11045935.82776633 689320.9232587955 703861.6424797316 14649494.935789015 15304651.575819863 12286377.385897128 12268141.534994697 7.805999994277954
20 20000.0 75000.0 3600000.0         7.180999994277954
21 20000.0 75000.0 3850000.0 16730294.266034873 16657604.915550621 933947.8303922749 940587.4729763599 0.0 0.0 6733968.080421236 6893198.277702763 8.087999820709229
22 20000.0 75000.0 4100000.0 16721854.474449845 16648015.20882937 925508.0388079395 930997.7662582922 0.0 0.0 6733968.080421236 6893198.277702763 7.520999908447266
23 20000.0 75000.0 4350000.0 16714516.528060105 16638673.195423104 918170.0924179419 921655.7528551485 0.0 0.0 6733968.080421236 6893198.277702763 8.667999982833862
24 20000.0 75000.0 4600000.0 16708032.928895695 16629481.48403472 911686.4932547624 912464.0414629399 0.0 0.0 6733968.080421236 6893198.277702763 8.218000173568726
25 40000.0 75000.0 3600000.0 13011181.561889742 13413927.997186499 938164.9969031352 960081.2593590278 3010638.209766237 3630027.572946384 10457297.951076578 10156368.982463026 8.299000024795532
26 40000.0 75000.0 3850000.0 13004951.649977373 13387712.702364469 931935.0849920593 952976.3333669382 3010638.209766237 3610917.204124708 10457297.951076578 10175479.351285798 8.608000040054321
27 40000.0 75000.0 4100000.0 12999509.11165627 13379533.096874384 926492.5466708048 944814.2581179371 3010638.209766237 3610899.6738783447 10457297.951076578 10175496.881531192 7.678999900817871
28 40000.0 75000.0 4350000.0 12995037.301928 13371985.850387672 922020.7369419056 937254.2847715521 3010638.209766237 3610912.4007425117 10457297.951076578 10175484.154666238 8.22000002861023
29 40000.0 75000.0 4600000.0 12992854.275155906 13364714.822356064 919837.7101683369 930016.4369587536 3010638.209766237 3610879.2205140335 10457297.951076578 10175517.334895894 8.361999988555908
30 60000.0 75000.0 3600000.0 11177828.837460622 11718214.62406427 924867.2009509351 953830.6650650663 7924551.36171202 8833763.071834078 12277352.879552178 11845831.761277573 8.847999811172485
31 60000.0 75000.0 3850000.0 11172933.07150039 11710077.49915948 919971.4349917602 945701.0999760394 7924551.36171202 8833755.512017801 12277352.879552178 11845839.321095226 8.634000062942505
32 60000.0 75000.0 4100000.0 11169936.925297087 11702041.254388008 916975.2887881371 937672.7492428536 7924551.36171202 8833747.617977496 12277352.879552178 11845847.215133538 7.596999883651733
33 60000.0 75000.0 4350000.0 11168045.1950497 11694615.735193495 915083.5585407336 930243.680414721 7924551.36171202 8833751.167605666 12277352.879552178 11845843.665506072 8.589999914169312
34 60000.0 75000.0 4600000.0 11166387.476091474 11687451.367413148 913425.8395829116 923072.4744355287 7924551.36171202 8833758.005800204 12277352.879552178 11845836.827310212 8.584999799728394
35 80000.0 75000.0 3600000.0 9884990.89350674 10040816.463446187 915229.1709296823 946990.151947228 13375319.528203664 14056403.702036746 13560552.79348106 13516389.408778545 7.829999923706055
36 80000.0 75000.0 3850000.0 9882161.85214294 10032821.37778291 912400.1295660993 939033.0491054149 13375319.528203664 14056365.719210098 13560552.79348106 13516427.391606646 8.700999975204468
37 80000.0 75000.0 4100000.0 9880375.796248123 10024909.5134965 910614.073671583 931101.3511740647 13375319.528203664 14056385.552862778 13560552.79348106 13516407.557952521 8.83899998664856
38 80000.0 75000.0 4350000.0 9878814.222477587 10017589.154013908 909052.499901102 923772.7945772533 13375319.528203664 14056393.749968933 13560552.79348106 13516399.360844672 7.888000011444092
39 80000.0 75000.0 4600000.0 9877453.835995076 10012606.481847625 907692.1134182368 918775.2189534879 13375319.528203664 14056408.653428903 13560552.79348106 13516384.457386095 8.266999959945679
40 20000.0 100000.0 3600000.0 16916857.02339592 16841305.52483176 1120510.5877544046 1124288.082261894 0.0 0.0 6733968.080421236 6893198.277702763 7.709000110626221
41 20000.0 100000.0 3850000.0 16905751.012679726 16832443.0611302 1109404.57703877 1115425.6185594024 0.0 0.0 6733968.080421236 6893198.277702763 8.02999997138977
42 20000.0 100000.0 4100000.0 16897919.992521748 16823722.162254557 1101573.556882179 1106704.7196815575 0.0 0.0 6733968.080421236 6893198.277702763 10.541000127792358
43 20000.0 100000.0 4350000.0 16891104.470962238 16815213.854895342 1094758.0353217414 1098196.4123214574 0.0 0.0 6733968.080421236 6893198.277702763 10.861999988555908
44 20000.0 100000.0 4600000.0 16885090.14739283 16806858.023077488 1088743.711754062 1089840.5805029168 0.0 0.0 6733968.080421236 6893198.277702763 7.679999828338623
45 40000.0 100000.0 3600000.0 11968222.640384307 12344543.682594292 1134788.5434371226 1150861.3547113733 1771055.7417248832 2369863.163004366 11696880.419118332 11416533.392405678 12.561000108718872
46 40000.0 100000.0 3850000.0 11963713.620577913 12337111.125220722 1130279.5236317043 1143400.1299422903 1771055.7417248832 2369891.83040141 11696880.419118332 11416504.725009099 8.80299997329712
47 40000.0 100000.0 4100000.0 11959775.39540514 12329772.89086391 1126341.2984588658 1136073.5020551472 1771055.7417248832 2369880.2239317293 11696880.419118332 11416516.331478916 7.996999979019165
48 40000.0 100000.0 4350000.0 11956408.159510292 12322933.60834004 1122974.0625637057 1129223.4152985774 1771055.7417248832 2369891.028160354 11696880.419118332 11416505.527250294 7.792999982833862
49 40000.0 100000.0 4600000.0 11954924.51974018 12316399.964074032 1121490.422794401 1122725.6017618794 1771055.7417248832 2369855.1974276565 11696880.419118332 11416541.357983269 9.105000019073486
50 60000.0 100000.0 3600000.0 10113583.116880018 10667557.710787179 1119444.3638622146 1142337.872995286 6665728.478216697 7594598.950617799 13536175.763047313 13084995.88249221 7.966000080108643
51 60000.0 100000.0 3850000.0 10110091.843874 10660260.22504362 1115953.0908581968 1135017.166654333 6665728.478216697 7594622.171210833 13536175.763047313 13084972.661900524 7.250999927520752
52 60000.0 100000.0 4100000.0 10107981.333933596 10653040.36800276 1113842.5809170608 1127807.8535028934 6665728.478216697 7594611.627319719 13536175.763047313 13084983.20579025 9.01200008392334
53 60000.0 100000.0 4350000.0 10106787.662383767 10646301.913645511 1112648.9093675807 1121066.531584713 6665728.478216697 7594614.494876094 13536175.763047313 13084980.338234235 8.450999975204468
54 60000.0 100000.0 4600000.0 10105748.71579409 10639855.94400085 1111609.9627773915 1114618.7975964132 6665728.478216697 7594616.25922135 13536175.763047313 13084978.57388951 8.51199984550476
55 80000.0 100000.0 3600000.0 8816835.838206079 8990940.885840746 1110392.7454685909 1136175.4793081547 12112000.89836377 12817342.79706548 14823871.423321364 14755450.313749729 7.309999942779541
56 80000.0 100000.0 3850000.0 8814912.70583274 8983759.180115495 1108469.6130966144 1129041.5274957633 12112000.89836377 12817295.043151204 14823871.423321364 14755498.06766341 8.065999984741211
57 80000.0 100000.0 4100000.0 8813826.596138176 8978608.704406552 1107383.5034013428 1123884.7965433407 12112000.89836377 12817301.298384173 14823871.423321364 14755491.812430868 9.407999992370605
58 80000.0 100000.0 4350000.0 8812883.430199016 8976935.669454228 1106440.3374622066 1122183.2089620852 12112000.89836377 12817329.851008844 14823871.423321364 14755463.259804929 9.816999912261963
59 80000.0 100000.0 4600000.0 8812069.259839317 8975877.385660358 1105626.1671020759 1121103.1033029398 12112000.89836377 12817351.672874978 14823871.423321364 14755441.437938998 8.735999822616577
60 20000.0 125000.0 3600000.0 17079087.392741144 17002841.546261534 1282740.9570999786 1285824.1036865166 0.0 0.0 6733968.080421236 6893198.277702763 7.936000108718872
61 20000.0 125000.0 3850000.0 17068396.30532876 16994604.61458858 1272049.8696881905 1277587.1720153328 0.0 0.0 6733968.080421236 6893198.277702763 8.006999969482422
62 20000.0 125000.0 4100000.0 17060982.734222043 16986500.20296768 1264636.2985831425 1269482.7603929276 0.0 0.0 6733968.080421236 6893198.277702763 7.050000190734863
63 20000.0 125000.0 4350000.0 17054525.562438242 16978582.652911697 1258179.12679761 1261565.2103390018 0.0 0.0 6733968.080421236 6893198.277702763 7.565999984741211
64 20000.0 125000.0 4600000.0 17048834.185390234 16970820.26515288 1252487.7497516617 1253802.8225825652 0.0 0.0 6733968.080421236 6893198.277702763 8.434000015258789
65 40000.0 125000.0 3600000.0 10918099.56935001 11285257.72416796 1321258.8149009892 1338415.8223050423 534462.39922654 1123022.7369885936 12933473.761616165 12663373.818420779 7.53600001335144
66 40000.0 125000.0 3850000.0 10914860.523922857 11278449.389109772 1318019.7694743949 1331607.5409346942 534462.39922654 1123022.68329076 12933473.761616165 12663373.872119747 7.142000198364258
67 40000.0 125000.0 4100000.0 10912033.53489301 11271715.25976475 1315192.7804456016 1324877.1737134003 534462.39922654 1123018.9211682 12933473.761616165 12663377.634241467 6.7799999713897705
68 40000.0 125000.0 4350000.0 10909573.33966669 11265380.81924346 1312732.585218712 1318538.102395692 534462.39922654 1123023.55197312 12933473.761616165 12663373.003438633 7.6519999504089355
69 40000.0 125000.0 4600000.0 10908525.127930516 11259375.74937252 1311684.3734838795 1312563.3942869983 534462.39922654 1122993.1902128798 12933473.761616165 12663403.365197487 7.065000057220459
70 60000.0 125000.0 3600000.0 9043713.278936306 9608874.881019121 1301942.7488494941 1316684.8770776568 5413360.255281735 6361569.116763523 14788543.985982932 14318025.716344353 7.551999807357788
71 60000.0 125000.0 3850000.0 9041275.039937453 9602179.57247478 1299504.509852805 1309985.9514669867 5413360.255281735 6361572.733815933 14788543.985982932 14318022.099292051 7.303000211715698
72 60000.0 125000.0 4100000.0 9039804.63735186 9595544.510724762 1298034.1072674468 1303361.2337772418 5413360.255281735 6361562.3897619005 14788543.985982932 14318032.443346595 8.675000190734863
73 60000.0 125000.0 4350000.0 9039086.14362512 9591359.907059433 1297315.613539399 1299161.6521403722 5413360.255281735 6361577.367747322 14788543.985982932 14318017.465360612 8.999000072479248
74 60000.0 125000.0 4600000.0 9038468.400781337 9589912.49312762 1296697.870696064 1297719.0629656992 5413360.255281735 6361572.542993284 14788543.985982932 14318022.290117173 8.86899995803833
75 80000.0 125000.0 3600000.0 7743291.793046667 7934736.501819889 1292432.131283506 1312835.4120117503 10856417.46738251 11584478.480340408 16079454.85430114 15988314.630476976 7.98799991607666
76 80000.0 125000.0 3850000.0 7742030.960863632 7933000.73401332 1291171.29833199 1311095.0053219108 10856417.468150977 11584483.119224055 16079454.853532664 15988309.991590537 8.609999895095825
77 80000.0 125000.0 4100000.0 7741405.680823271 7931324.283374275 1290546.018292737 1309432.7633168534 10856417.468150977 11584468.91058302 16079454.853532664 15988324.200231247 8.723000049591064
78 80000.0 125000.0 4350000.0 7740872.769040685 7929839.30281389 1290013.1065098008 1307934.2148704815 10856417.468150977 11584482.478465727 16079454.853532664 15988310.632349145 9.39300012588501
79 80000.0 125000.0 4600000.0 7740420.480863705 7928847.5933802165 1289560.8183322155 1306902.4644242707 10856417.468150977 11584522.519495629 16079454.853532664 15988270.591319216 10.859999895095825
