 A V P E_backup_full E_backup_repr E_loss_stor_full E_loss_stor_repr E_curt_full E_curt_repr E_sol_full E_sol_repr t_repr
0 20000.0 50000.0 3600000.0         8.606000185012817
1 20000.0 50000.0 3850000.0         11.999000072479248
2 20000.0 50000.0 4100000.0         11.011000156402588
3 20000.0 50000.0 4350000.0 16592380.836997658  720636.8058188369  75397.595537396  6658570.484883834  12.462000131607056
4 20000.0 50000.0 4600000.0 16585038.744825438 16550592.88558992 713294.7136478272 713172.1441724373 75397.595537396 62880.177732831005 6658570.484883834 6641794.513791173 12.043999910354614
5 40000.0 50000.0 3600000.0         10.02999997138977
6 40000.0 50000.0 3850000.0         14.029000043869019
7 40000.0 50000.0 4100000.0 14027214.641901145  709087.3188457013  4255748.9678347325  9212187.19300798  11.055000066757202
8 40000.0 50000.0 4350000.0 14021212.744126163 13843074.541291028 703085.4210683812 705790.344156655 4255748.9678347325 4067418.3249957007 9212187.19300798 9341931.058055438 12.654000043869019
9 40000.0 50000.0 4600000.0 14017958.597951574 13840202.473536858 699831.2748941265 702930.059628848 4255748.9678347325 4067406.541768513 9212187.19300798 9341942.84128111 11.474000215530396
10 60000.0 50000.0 3600000.0         10.866999864578247
11 60000.0 50000.0 3850000.0 12226730.50313483  704325.326430931  9193994.901906958  11007909.339356776  11.371999979019165
12 60000.0 50000.0 4100000.0 12222459.576220773  700054.3995160435  9193994.901906958  11007909.339356776  11.625
13 60000.0 50000.0 4350000.0 12219501.072566815 11975675.852126142 697095.8958600254 703360.5124917465 9193994.901906958 8907124.159012286 11007909.339356776 11206899.915561164 12.33400011062622
14 60000.0 50000.0 4600000.0 12216898.182801396 11973008.407751732 694493.0060953507 700709.0810373303 9193994.901906958 8907108.146086056 11007909.339356776 11206915.928485774 12.493000030517578
15 80000.0 50000.0 3600000.0         10.365000009536743
16 80000.0 50000.0 3850000.0 10940857.160636373  696920.0748667055  14649494.891399235  12286377.430286905  11.730000019073486
17 80000.0 50000.0 4100000.0 10937984.567826312  694047.4820560425  14649494.891399235  12286377.430286905  11.867000102996826
18 80000.0 50000.0 4350000.0 10935465.780757817 10909900.38405317 691528.694986766 693347.2871729082 14649494.891399235 14556036.607798705 12286377.430286905 12262662.158294432 12.593999862670898
19 80000.0 50000.0 4600000.0 10933258.05341923 10908762.750129452 689320.9232587955 692233.44676886 14649494.935789015 14556012.81426846 12286377.385897128 12262685.951825958 12.748000144958496
20 20000.0 75000.0 3600000.0         10.899999856948853
21 20000.0 75000.0 3850000.0 16730294.266034873 16698546.826364575 933947.8303922749 924006.2626921277 0.0 0.0 6733968.080421236 6704674.691524005 12.914000034332275
22 20000.0 75000.0 4100000.0 16721854.474449845 16689530.048889026 925508.0388079395 914989.4852151735 0.0 0.0 6733968.080421236 6704674.691524005 12.236000061035156
23 20000.0 75000.0 4350000.0 16714516.528060105 16686646.490876583 918170.0924179419 912105.9271950517 0.0 0.0 6733968.080421236 6704674.691524005 11.89299988746643
24 20000.0 75000.0 4600000.0 16708032.928895695 16683922.3851164 911686.4932547624 909381.8214305668 0.0 0.0 6733968.080421236 6704674.691524005 12.579000234603882
25 40000.0 75000.0 3600000.0 13011181.561889742 12822038.802680932 938164.9969031352 935978.7085531502 3010638.209766237 2816194.22198724 10457297.951076578 10593155.161062581 12.462000131607056
26 40000.0 75000.0 3850000.0 13004951.649977373 12815347.27935287 931935.0849920593 929288.5627443775 3010638.209766237 2816192.84446936 10457297.951076578 10593156.538581071 12.309000015258789
27 40000.0 75000.0 4100000.0 12999509.11165627 12812652.362711 926492.5466708048 926593.1651796451 3010638.209766237 2816193.3253885796 10457297.951076578 10593156.057661133 12.124000072479248
28 40000.0 75000.0 4350000.0 12995037.301928 12810077.80016656 922020.7369419056 924017.8238435163 3010638.209766237 2816194.104175924 10457297.951076578 10593155.278872555 13.249000072479248
29 40000.0 75000.0 4600000.0 12992854.275155906 12807639.529158771 919837.7101683369 921588.6382627995 3010638.209766237 2816185.018751488 10457297.951076578 10593164.364299493 15.914999961853027
30 60000.0 75000.0 3600000.0 11177828.837460622 10937394.1970568 924867.2009509351 921776.8071349079 7924551.36171202 7650426.209289973 12277352.879552178 12463597.865285078 15.761000156402588
31 60000.0 75000.0 3850000.0 11172933.07150039 10935832.226942915 919971.4349917602 920217.1970491464 7924551.36171202 7650423.8492519185 12277352.879552178 12463600.225321276 13.194000005722046
32 60000.0 75000.0 4100000.0 11169936.925297087 10934804.221815104 916975.2887881371 919187.2057527213 7924551.36171202 7650425.835433707 12277352.879552178 12463598.239141038 12.881999969482422
33 60000.0 75000.0 4350000.0 11168045.1950497 10933872.662842344 915083.5585407336 918251.598932708 7924551.36171202 7650429.883274208 12277352.879552178 12463594.191299023 12.183000087738037
34 60000.0 75000.0 4600000.0 11166387.476091474 10933020.6726368 913425.8395829116 917412.869636813 7924551.36171202 7650416.622384537 12277352.879552178 12463607.452190472 12.39299988746643
35 80000.0 75000.0 3600000.0 9884990.89350674 9838577.848347217 915229.1709296823 913161.7370852716 13375319.528203664 13264899.622169087 13560552.79348106 13553799.143926563 12.226999998092651
36 80000.0 75000.0 3850000.0 9882161.85214294 9837582.599495571 912400.1295660993 912166.437832339 13375319.528203664 13264899.67256645 13560552.79348106 13553799.09352645 14.25
37 80000.0 75000.0 4100000.0 9880375.796248123 9836659.924073474 910614.073671583 911243.634002249 13375319.528203664 13264899.80097822 13560552.79348106 13553798.965117682 13.518999814987183
38 80000.0 75000.0 4350000.0 9878814.222477587 9835816.070122734 909052.499901102 910398.2100100903 13375319.528203664 13264901.37102855 13560552.79348106 13553797.39506701 11.329999923706055
39 80000.0 75000.0 4600000.0 9877453.835995076 9835038.868545564 907692.1134182368 909647.0751132771 13375319.528203664 13264875.304357484 13560552.79348106 13553823.461737666 12.672999858856201
40 20000.0 100000.0 3600000.0 16916857.02339592 16884582.81082592 1120510.5877544046 1110042.247153468 0.0 0.0 6733968.080421236 6704674.691524005 13.32800006866455
41 20000.0 100000.0 3850000.0 16905751.012679726 16873863.584365133 1109404.57703877 1099323.020694561 0.0 0.0 6733968.080421236 6704674.691524005 13.07800006866455
42 20000.0 100000.0 4100000.0 16897919.992521748 16865019.636496518 1101573.556882179 1090479.0728223117 0.0 0.0 6733968.080421236 6704674.691524005 12.032000064849854
43 20000.0 100000.0 4350000.0 16891104.470962238 16862378.22971576 1094758.0353217414 1087837.6660409337 0.0 0.0 6733968.080421236 6704674.691524005 10.654000043869019
44 20000.0 100000.0 4600000.0 16885090.14739283 16859892.25217225 1088743.711754062 1085351.6884907868 0.0 0.0 6733968.080421236 6704674.691524005 13.325999975204468
45 40000.0 100000.0 3600000.0 11968222.640384307 11775442.494647356 1134788.5434371226 1131223.131056368 1771055.7417248832 1574353.49144277 11696880.419118332 11834995.891606504 12.384999990463257
46 40000.0 100000.0 3850000.0 11963713.620577913 11769397.886334369 1130279.5236317043 1125177.1172888814 1771055.7417248832 1574354.89689198 11696880.419118332 11834994.486157713 10.943000078201294
47 40000.0 100000.0 4100000.0 11959775.39540514 11768321.438789684 1126341.2984588658 1124100.848820862 1771055.7417248832 1574354.717823872 11696880.419118332 11834994.665224856 11.115000009536743
48 40000.0 100000.0 4350000.0 11956408.159510292 11767382.232437847 1122974.0625637057 1123161.6351981382 1771055.7417248832 1574354.7250837819 11696880.419118332 11834994.657965088 10.871000051498413
49 40000.0 100000.0 4600000.0 11954924.51974018 11766585.593269218 1121490.422794401 1122372.6818676789 1771055.7417248832 1574347.0392562437 11696880.419118332 11835002.343792923 11.850000143051147
50 60000.0 100000.0 3600000.0 10113583.116880018 9883900.569313671 1119444.3638622146 1119880.1395646227 6665728.478216697 6398829.249116834 13536175.763047313 13715194.825457556 11.60700011253357
51 60000.0 100000.0 3850000.0 10110091.843874 9883085.041788207 1115953.0908581968 1119064.1877725457 6665728.478216697 6398829.673385643 13536175.763047313 13715194.401188977 13.056999921798706
52 60000.0 100000.0 4100000.0 10107981.333933596 9882682.483276159 1113842.5809170608 1118662.8410435566 6665728.478216697 6398828.461599488 13536175.763047313 13715195.612974545 13.586999893188477
53 60000.0 100000.0 4350000.0 10106787.662383767 9882329.945188988 1112648.9093675807 1118309.1684069796 6665728.478216697 6398829.596153345 13536175.763047313 13715194.478422157 14.97000002861023
54 60000.0 100000.0 4600000.0 10105748.71579409 9882024.359528795 1111609.9627773915 1118013.324796259 6665728.478216697 6398819.854100562 13536175.763047313 13715204.220473502 22.453999996185303
55 80000.0 100000.0 3600000.0 8816835.838206079 8755881.952654563 1110392.7454685909 1107371.3995169415 12112000.89836377 11987994.064047378 14823871.423321364 14830704.702047167 16.394999980926514
56 80000.0 100000.0 3850000.0 8814912.70583274 8755505.282147966 1108469.6130966144 1106997.401841421 12112000.89836377 11987991.391213022 14823871.423321364 14830707.374879377 15.911999940872192
57 80000.0 100000.0 4100000.0 8813826.596138176 8755159.038807826 1107383.5034013428 1106649.5434855337 12112000.89836377 11987993.006226867 14823871.423321364 14830705.759867582 12.341000080108643
58 80000.0 100000.0 4350000.0 8812883.430199016 8754852.58952871 1106440.3374622066 1106344.8802516195 12112000.89836377 11987991.220178798 14823871.423321364 14830707.54591344 14.121999979019165
59 80000.0 100000.0 4600000.0 8812069.259839317 8754584.484114671 1105626.1671020759 1106089.8254602794 12112000.89836377 11987978.169569807 14823871.423321364 14830720.596525554 13.922999858856201
60 20000.0 125000.0 3600000.0 17079087.392741144 17046260.275027923 1282740.9570999786 1271719.7113544855 0.0 0.0 6733968.080421236 6704674.691524005 9.715999841690063
61 20000.0 125000.0 3850000.0 17068396.30532876 17036224.113756984 1272049.8696881905 1261683.550083259 0.0 0.0 6733968.080421236 6704674.691524005 8.782000064849854
62 20000.0 125000.0 4100000.0 17060982.734222043 17027455.86655848 1264636.2985831425 1252915.3028845317 0.0 0.0 6733968.080421236 6704674.691524005 10.295000076293945
63 20000.0 125000.0 4350000.0 17054525.562438242 17024987.500423566 1258179.12679761 1250446.9367486318 0.0 0.0 6733968.080421236 6704674.691524005 8.215999841690063
64 20000.0 125000.0 4600000.0 17048834.185390234 17022667.361187074 1252487.7497516617 1248126.797502254 0.0 0.0 6733968.080421236 6704674.691524005 7.896999835968018
65 40000.0 125000.0 3600000.0 10918099.56935001 10722788.636635415 1321258.8149009892 1316388.2349705182 534462.39922654 336534.52951511997 12933473.761616165 13072814.85353505 11.932999849319458
66 40000.0 125000.0 3850000.0 10914860.523922857 10718911.335145747 1318019.7694743949 1312510.875344133 534462.39922654 336534.58765452006 12933473.761616165 13072814.79539583 8.483999967575073
67 40000.0 125000.0 4100000.0 10912033.53489301 10718304.067220245 1315192.7804456016 1311903.6390698152 534462.39922654 336534.5559999 12933473.761616165 13072814.82704973 6.880000114440918
68 40000.0 125000.0 4350000.0 10909573.33966669 10717903.473732155 1312732.585218712 1311503.4755095686 534462.39922654 336534.1260751801 12933473.761616165 13072815.256975232 7.186000108718872
69 40000.0 125000.0 4600000.0 10908525.127930516 10717605.280187035 1311684.3734838795 1311206.4685817242 534462.39922654 336532.9394499 12933473.761616165 13072816.44360027 7.422999858856201
70 60000.0 125000.0 3600000.0 9043713.278936306 8824396.336363258 1301942.7488494941 1306772.6888760496 5413360.255281735 5152432.466859352 14788543.985982932 14961591.607716331 5.641000032424927
71 60000.0 125000.0 3850000.0 9041275.039937453 8824017.088395549 1299504.509852805 1306393.2653169944 5413360.255281735 5152432.642439111 14788543.985982932 14961591.432133814 5.639000177383423
72 60000.0 125000.0 4100000.0 9039804.63735186 8823733.098884366 1298034.1072674468 1306108.490574451 5413360.255281735 5152433.427680285 14788543.985982932 14961590.646893507 5.4040000438690186
73 60000.0 125000.0 4350000.0 9039086.14362512 8823482.265685923 1297315.613539399 1305858.391677133 5413360.255281735 5152432.693374039 14788543.985982932 14961591.381198825 5.418999910354614
74 60000.0 125000.0 4600000.0 9038468.400781337 8823268.831201425 1296697.870696064 1305651.0013495917 5413360.255281735 5152426.64921483 14788543.985982932 14961597.425359223 5.898999929428101
75 80000.0 125000.0 3600000.0 7743291.793046667 7669066.48406538 1292432.131283506 1289589.1090568579 10856417.46738251 10718960.88591721 16079454.85430114 16099737.88017515 5.466000080108643
76 80000.0 125000.0 3850000.0 7742030.960863632 7668804.191277815 1291171.29833199 1289326.234816864 10856417.468150977 10718961.467368603 16079454.853532664 16099737.29872633 5.755000114440918
77 80000.0 125000.0 4100000.0 7741405.680823271 7668559.64585004 1290546.018292737 1289081.8300681787 10856417.468150977 10718961.326683272 16079454.853532664 16099737.43940918 5.538000106811523
78 80000.0 125000.0 4350000.0 7740872.769040685 7668340.885273018 1290013.1065098008 1288862.4527395545 10856417.468150977 10718961.94344724 16079454.853532664 16099736.82264442 5.396999835968018
79 80000.0 125000.0 4600000.0 7740420.480863705 7668152.189515488 1289560.8183322155 1288692.2560718511 10856417.468150977 10718943.444348257 16079454.853532664 16099755.32174529 5.3459999561309814
