 A V P E_backup_full E_backup_repr E_loss_stor_full E_loss_stor_repr E_curt_full E_curt_repr E_sol_full E_sol_repr t_repr
0 20000.0 50000.0 3600000.0         8.646999835968018
1 20000.0 50000.0 3850000.0         9.984999895095825
2 20000.0 50000.0 4100000.0         9.409000158309937
3 20000.0 50000.0 4350000.0 16592380.836997658  720636.8058188369  75397.595537396  6658570.484883834  9.502999782562256
4 20000.0 50000.0 4600000.0 16585038.744825438 16764588.27388604 713294.7136478272 733454.4938217845 75397.595537396 0.0 6658570.484883834 6548452.676358596 9.473999977111816
5 40000.0 50000.0 3600000.0         10.760999917984009
6 40000.0 50000.0 3850000.0         9.61899995803833
7 40000.0 50000.0 4100000.0 14027214.641901145  709087.3188457013  4255748.9678347325  9212187.19300798  8.940999984741211
8 40000.0 50000.0 4350000.0 14021212.744126163 14492961.739162968 703085.4210683812 717512.2437455248 4255748.9678347325 4292768.391701565 9212187.19300798 8804136.961011505 10.261000156402588
9 40000.0 50000.0 4600000.0 14017958.597951574 14487217.51953915 699831.2748941265 711756.0232323894 4255748.9678347325 4292780.392588838 9212187.19300798 8804124.96012575 9.60700011253357
10 60000.0 50000.0 3600000.0         8.877000093460083
11 60000.0 50000.0 3850000.0 12226730.50313483  704325.326430931  9193994.901906958  11007909.339356776  9.452000141143799
12 60000.0 50000.0 4100000.0 12222459.576220773  700054.3995160435  9193994.901906958  11007909.339356776  8.921000003814697
13 60000.0 50000.0 4350000.0 12219501.072566815 12543227.382350648 697095.8958600254 712781.7154955323 9193994.901906958 8896217.239496691 11007909.339356776 10749140.789578961 10.561000108718872
14 60000.0 50000.0 4600000.0 12216898.182801396 12538412.795179518 694493.0060953507 707942.0299863613 9193994.901906958 8896242.337829033 11007909.339356776 10749115.691245109 10.151000022888184
15 80000.0 50000.0 3600000.0         9.797000169754028
16 80000.0 50000.0 3850000.0 10940857.160636373  696920.0748667055  14649494.891399235  12286377.430286905  9.246000051498413
17 80000.0 50000.0 4100000.0 10937984.567826312  694047.4820560425  14649494.891399235  12286377.430286905  9.367999792098999
18 80000.0 50000.0 4350000.0 10935465.780757817 11557130.724711252 691528.694986766 699313.7325401163 14649494.891399235 14472041.241171004 12286377.430286905 11721769.464262327 10.914000034332275
19 80000.0 50000.0 4600000.0 10933258.05341923 11554976.693547828 689320.9232587955 697131.7314987913 14649494.935789015 14472069.211047929 12286377.385897128 11721741.49438782 10.928999900817871
20 20000.0 75000.0 3600000.0         8.904000043869019
21 20000.0 75000.0 3850000.0 16730294.266034873 16975721.41274892 933947.8303922749 944587.6326901016 0.0 0.0 6733968.080421236 6548452.676358596 10.144000053405762
22 20000.0 75000.0 4100000.0 16721854.474449845 16968030.100918308 925508.0388079395 936896.3208615577 0.0 0.0 6733968.080421236 6548452.676358596 10.84500002861023
23 20000.0 75000.0 4350000.0 16714516.528060105 16962437.96387553 918170.0924179419 931304.1838157559 0.0 0.0 6733968.080421236 6548452.676358596 10.166000127792358
24 20000.0 75000.0 4600000.0 16708032.928895695 16956961.31796069 911686.4932547624 925827.5379025456 0.0 0.0 6733968.080421236 6548452.676358596 10.305999994277954
25 40000.0 75000.0 3600000.0 13011181.561889742  938164.9969031352  3010638.209766237  10457297.951076578  9.027999877929688
26 40000.0 75000.0 3850000.0 13004951.649977373 13474485.240580214 931935.0849920593 952427.5334694795 3010638.209766237 3039376.603411623 10457297.951076578 10057528.749302398 10.934999942779541
27 40000.0 75000.0 4100000.0 12999509.11165627 13469104.2228301 926492.5466708048 947058.2595995837 3010638.209766237 3039364.859532262 10457297.951076578 10057540.49318041 11.212000131607056
28 40000.0 75000.0 4350000.0 12995037.301928 13464002.39215953 922020.7369419056 941955.2652981201 3010638.209766237 3039366.0231561824 10457297.951076578 10057539.329557866 10.006999969482422
29 40000.0 75000.0 4600000.0 12992854.275155906 13459055.86232778 919837.7101683369 936997.291178519 3010638.209766237 3039377.467445623 10457297.951076578 10057527.885266608 9.716000080108643
30 60000.0 75000.0 3600000.0 11177828.837460622 11948313.255249701 924867.2009509351 933622.3944173323 7924551.36171202 8080462.433484893 12277352.879552178 11564895.595591892 10.103000164031982
31 60000.0 75000.0 3850000.0 11172933.07150039 11524412.768787827 919971.4349917602 934043.2888619504 7924551.36171202 7656141.052577757 12277352.879552178 11989216.976499734 11.396000146865845
32 60000.0 75000.0 4100000.0 11169936.925297087 11521630.817838378 916975.2887881371 931273.7302618593 7924551.36171202 7656128.660241084 12277352.879552178 11989229.368837032 10.416000127792358
33 60000.0 75000.0 4350000.0 11168045.1950497 11519758.531748582 915083.5585407336 929406.7501821689 7924551.36171202 7656123.3542190865 12277352.879552178 11989234.674856488 14.211999893188477
34 60000.0 75000.0 4600000.0 11166387.476091474 11517979.941998368 913425.8395829116 927609.4530813905 7924551.36171202 7656142.061570683 12277352.879552178 11989215.967508603 14.693999767303467
35 80000.0 75000.0 3600000.0 9884990.89350674 10488907.39441648 915229.1709296823 926454.4245900384 13375319.528203664 13176677.218845967 13560552.79348106 13017133.486589957 10.683000087738037
36 80000.0 75000.0 3850000.0 9882161.85214294 10486950.244086113 912400.1295660993 924476.6619933677 13375319.528203664 13176697.83111121 13560552.79348106 13017112.874324335 11.656999826431274
37 80000.0 75000.0 4100000.0 9880375.796248123 10485103.282857731 910614.073671583 922648.1649430821 13375319.528203664 13176679.366931839 13560552.79348106 13017131.33850415 9.299000024795532
38 80000.0 75000.0 4350000.0 9878814.222477587 10483351.03651875 909052.499901102 920896.471907542 13375319.528203664 13176678.813622171 13560552.79348106 13017131.891814856 11.888000011444092
39 80000.0 75000.0 4600000.0 9877453.835995076 10481678.606050137 907692.1134182368 919204.9882022627 13375319.528203664 13176697.866868263 13560552.79348106 13017112.838565625 11.178999900817871
40 20000.0 100000.0 3600000.0 16916857.02339592 17161950.807670124 1120510.5877544046 1130817.0276105367 0.0 0.0 6733968.080421236 6548452.676358596 10.615999937057495
41 20000.0 100000.0 3850000.0 16905751.012679726 17149144.39940482 1109404.57703877 1118010.619345524 0.0 0.0 6733968.080421236 6548452.676358596 10.178999900817871
42 20000.0 100000.0 4100000.0 16897919.992521748 17141469.32632045 1101573.556882179 1110335.5462530896 0.0 0.0 6733968.080421236 6548452.676358596 11.757000207901001
43 20000.0 100000.0 4350000.0 16891104.470962238 17136368.79501372 1094758.0353217414 1105235.014948873 0.0 0.0 6733968.080421236 6548452.676358596 10.245000123977661
44 20000.0 100000.0 4600000.0 16885090.14739283 17131384.041816592 1088743.711754062 1100250.2617481875 0.0 0.0 6733968.080421236 6548452.676358596 10.541000127792358
45 40000.0 100000.0 3600000.0 11968222.640384307 12437038.91703753 1134788.5434371226 1160411.3647118146 1771055.7417248832 1793946.448620068 11696880.419118332 11302958.904092435 11.427000045776367
46 40000.0 100000.0 3850000.0 11963713.620577913 12431169.919058451 1130279.5236317043 1154537.162488362 1771055.7417248832 1793951.6528637602 11696880.419118332 11302953.699848816 14.184999942779541
47 40000.0 100000.0 4100000.0 11959775.39540514 12426352.731770733 1126341.2984588658 1149725.2427413058 1771055.7417248832 1793946.3853149596 11696880.419118332 11302958.967397885 10.861999988555908
48 40000.0 100000.0 4350000.0 11956408.159510292 12423954.599371102 1122974.0625637057 1147326.2829578829 1771055.7417248832 1793947.2126969597 11696880.419118332 11302958.140015215 10.03600001335144
49 40000.0 100000.0 4600000.0 11954924.51974018 12422232.238338707 1121490.422794401 1145600.2162227659 1771055.7417248832 1793950.9183939197 11696880.419118332 11302954.434318192 11.776000022888184
50 60000.0 100000.0 3600000.0 10113583.116880018 10489306.05183667 1119444.3638622146 1137995.9054303044 6665728.478216697 6417081.719062891 13536175.763047313 13228276.310013905 9.712000131607056
51 60000.0 100000.0 3850000.0 10110091.843874 10487577.965491591 1115953.0908581968 1136257.7637037341 6665728.478216697 6417091.774435406 13536175.763047313 13228266.254641518 10.07699990272522
52 60000.0 100000.0 4100000.0 10107981.333933596 10485955.01103416 1113842.5809170608 1134639.5990216292 6665728.478216697 6417086.984655173 13536175.763047313 13228271.044419982 10.263999938964844
53 60000.0 100000.0 4350000.0 10106787.662383767 10484441.77341723 1112648.9093675807 1133131.3198822879 6665728.478216697 6417082.026178237 13536175.763047313 13228276.002897441 9.217999935150146
54 60000.0 100000.0 4600000.0 10105748.71579409 10482993.71975132 1111609.9627773915 1131672.9010132193 6665728.478216697 6417092.391378706 13536175.763047313 13228265.6376991 9.327999830245972
55 80000.0 100000.0 3600000.0 8816835.838206079 9405391.316947056 1110392.7454685909 1123481.490948996 12112000.89836377 11896134.075015403 14823871.423321364 14297676.630418243 10.575000047683716
56 80000.0 100000.0 3850000.0 8814912.70583274 9403841.931712585 1108469.6130966144 1121915.1309401204 12112000.89836377 11896151.049792202 14823871.423321364 14297659.655641012 10.483999967575073
57 80000.0 100000.0 4100000.0 8813826.596138176 9402364.261322787 1107383.5034013428 1120458.3566503336 12112000.89836377 11896130.153682629 14823871.423321364 14297680.551754277 11.302000045776367
58 80000.0 100000.0 4350000.0 8812883.430199016 9401904.412365958 1106440.3374622066 1120000.6052747264 12112000.89836377 11896128.05609583 14823871.423321364 14297682.649339765 13.664000034332275
59 80000.0 100000.0 4600000.0 8812069.259839317 9401742.370274773 1105626.1671020759 1119814.8746515636 12112000.89836377 11896151.744628832 14823871.423321364 14297658.960804708 11.241000175476074
60 20000.0 125000.0 3600000.0 17079087.392741144 17322089.715961915 1282740.9570999786 1290955.9359027871 0.0 0.0 6733968.080421236 6548452.676358596 12.282000064849854
61 20000.0 125000.0 3850000.0 17068396.30532876 17310163.291037768 1272049.8696881905 1279029.510976653 0.0 0.0 6733968.080421236 6548452.676358596 11.75
62 20000.0 125000.0 4100000.0 17060982.734222043 17302454.21615015 1264636.2985831425 1271320.4360840616 0.0 0.0 6733968.080421236 6548452.676358596 11.231000185012817
63 20000.0 125000.0 4350000.0 17054525.562438242 17297697.92726987 1258179.12679761 1266564.147208226 0.0 0.0 6733968.080421236 6548452.676358596 11.847000122070312
64 20000.0 125000.0 4600000.0 17048834.185390234 17293061.338053986 1252487.7497516617 1261927.5579931715 0.0 0.0 6733968.080421236 6548452.676358596 13.352999925613403
65 40000.0 125000.0 3600000.0 10918099.56935001 11386387.72587084 1321258.8149009892 1347116.949864037 534462.39922654 556589.67229864 12933473.761616165 12540315.680414734 10.333999872207642
66 40000.0 125000.0 3850000.0 10914860.523922857 11383463.40607693 1318019.7694743949 1344194.4133572036 534462.39922654 556587.8890098399 12933473.761616165 12540317.463702496 11.191999912261963
67 40000.0 125000.0 4100000.0 10912033.53489301 11381623.25998451 1315192.7804456016 1342347.3102445684 534462.39922654 556594.84602856 12933473.761616165 12540310.506683927 10.310999870300293
68 40000.0 125000.0 4350000.0 10909573.33966669 11380003.341454087 1312732.585218712 1340731.574074446 534462.39922654 556590.6636691999 12933473.761616165 12540314.689043934 11.869999885559082
69 40000.0 125000.0 4600000.0 10908525.127930516 11378567.108562503 1311684.3734838795 1339291.1588213495 534462.39922654 556594.84602856 12933473.761616165 12540310.506683927 8.229000091552734
70 60000.0 125000.0 3600000.0 9043713.278936306 9443540.544473918 1301942.7488494941 1329329.335438632 5413360.255281735 5179982.781688555 14788543.985982932 14465375.247388067 7.305999994277954
71 60000.0 125000.0 3850000.0 9041275.039937453 9442493.57148854 1299504.509852805 1328275.6631683314 5413360.255281735 5179989.480979435 14788543.985982932 14465368.548098257 8.698000192642212
72 60000.0 125000.0 4100000.0 9039804.63735186 9442276.936603744 1298034.1072674468 1328068.387773851 5413360.255281735 5179980.12148576 14788543.985982932 14465377.907591242 7.625999927520752
73 60000.0 125000.0 4350000.0 9039086.14362512 9442125.700589143 1297315.613539399 1327909.38354448 5413360.255281735 5179987.889693355 14788543.985982932 14465370.139382105 6.133999824523926
74 60000.0 125000.0 4600000.0 9038468.400781337 9441993.660515001 1296697.870696064 1327768.435391405 5413360.255281735 5179996.797766481 14788543.985982932 14465361.231308717 9.830999851226807
75 80000.0 125000.0 3600000.0 7743291.793046667 8318189.799710499 1292432.131283506 1306941.9725245582 10856417.46738251 10625472.0762118 16079454.85430114 15568338.629223548 9.928999900817871
76 80000.0 125000.0 3850000.0 7742030.960863632 8318021.197713235 1291171.29833199 1306774.825882145 10856417.468150977 10625470.62084746 16079454.853532664 15568340.084587855 7.4019999504089355
77 80000.0 125000.0 4100000.0 7741405.680823271 8317880.23511914 1290546.018292737 1306624.9620533083 10856417.468150977 10625479.522082642 16079454.853532664 15568331.183353506 5.831000089645386
78 80000.0 125000.0 4350000.0 7740872.769040685 8317764.409933909 1290013.1065098008 1306512.4282792588 10856417.468150977 10625476.23066799 16079454.853532664 15568334.47476874 5.8429999351501465
79 80000.0 125000.0 4600000.0 7740420.480863705 8317663.321467897 1289560.8183322155 1306398.6828354613 10856417.468150977 10625488.88764061 16079454.853532664 15568321.817797195 5.703999996185303
