 A V P E_backup_full E_backup_repr E_loss_stor_full E_loss_stor_repr E_curt_full E_curt_repr E_sol_full E_sol_repr t_repr
0 20000.0 50000.0 3600000.0         5.441999912261963
1 20000.0 50000.0 3850000.0         5.11899995803833
2 20000.0 50000.0 4100000.0         5.003999948501587
3 20000.0 50000.0 4350000.0 16592380.836997658 16390285.509485649 720636.8058188369 708729.3938158682 75397.595537396 0.0 6658570.484883834 6791705.34342239 8.66700005531311
4 20000.0 50000.0 4600000.0 16585038.744825438 16386555.319308415 713294.7136478272 704999.2036405148 75397.595537396 0.0 6658570.484883834 6791705.34342239 6.498000144958496
5 40000.0 50000.0 3600000.0         8.901999950408936
6 40000.0 50000.0 3850000.0         8.930000066757202
7 40000.0 50000.0 4100000.0 14027214.641901145  709087.3188457013  4255748.9678347325  9212187.19300798  5.711000204086304
8 40000.0 50000.0 4350000.0 14021212.744126163 13750018.981366301 703085.4210683812 709706.3646578611 4255748.9678347325 4150461.844460043 9212187.19300798 9432948.842385052 6.118000030517578
9 40000.0 50000.0 4600000.0 14017958.597951574 13746407.783828748 699831.2748941265 706108.1598297068 4255748.9678347325 4150448.8517448995 9212187.19300798 9432961.835100384 6.031999826431274
10 60000.0 50000.0 3600000.0         5.008000135421753
11 60000.0 50000.0 3850000.0 12226730.50313483  704325.326430931  9193994.901906958  11007909.339356776  5.414999961853027
12 60000.0 50000.0 4100000.0 12222459.576220773  700054.3995160435  9193994.901906958  11007909.339356776  5.754000186920166
13 60000.0 50000.0 4350000.0 12219501.072566815 12094897.63789431 697095.8958600254 703898.116947045 9193994.901906958 9292854.092121597 11007909.339356776 11082261.938144492 6.077000141143799
14 60000.0 50000.0 4600000.0 12216898.182801396 12091377.115820022 694493.0060953507 700395.5354673231 9193994.901906958 9292836.151523465 11007909.339356776 11082279.878740506 5.740999937057495
15 80000.0 50000.0 3600000.0         5.135999917984009
16 80000.0 50000.0 3850000.0 10940857.160636373  696920.0748667055  14649494.891399235  12286377.430286905  5.23799991607666
17 80000.0 50000.0 4100000.0 10937984.567826312 10533734.974532332 694047.4820560425 702062.0135109547 14649494.891399235 14525232.87561241 12286377.430286905 12641588.498075979 5.990000009536743
18 80000.0 50000.0 4350000.0 10935465.780757817 10530217.310612712 691528.694986766 698546.169034195 14649494.891399235 14525231.056173695 12286377.430286905 12641590.317515058 5.58899998664856
19 80000.0 50000.0 4600000.0 10933258.05341923 10526760.661703272 689320.9232587955 695111.7577847095 14649494.935789015 14525208.818515083 12286377.385897128 12641612.555170953 5.468999862670898
20 20000.0 75000.0 3600000.0  16618708.026304299  937151.9106406064  0.0  6791705.34342239 5.585999965667725
21 20000.0 75000.0 3850000.0 16730294.266034873 16606211.516561104 933947.8303922749 924655.4008963604 0.0 0.0 6733968.080421236 6791705.34342239 5.546999931335449
22 20000.0 75000.0 4100000.0 16721854.474449845 16596386.498287838 925508.0388079395 914830.3826238848 0.0 0.0 6733968.080421236 6791705.34342239 5.544999837875366
23 20000.0 75000.0 4350000.0 16714516.528060105 16586813.318884403 918170.0924179419 905257.2032192033 0.0 0.0 6733968.080421236 6791705.34342239 5.565000057220459
24 20000.0 75000.0 4600000.0 16708032.928895695 16583475.627434067 911686.4932547624 901919.5117723175 0.0 0.0 6733968.080421236 6791705.34342239 5.920000076293945
25 40000.0 75000.0 3600000.0 13011181.561889742 12724089.61584834 938164.9969031352 940134.6296231436 3010638.209766237 2894104.2139739906 10457297.951076578 10689306.4728706 5.832000017166138
26 40000.0 75000.0 3850000.0 13004951.649977373 12714721.045099488 931935.0849920593 930766.4888116384 3010638.209766237 2894103.7840415603 10457297.951076578 10689306.90280402 5.8480000495910645
27 40000.0 75000.0 4100000.0 12999509.11165627 12706214.51744771 926492.5466708048 922259.7408568314 3010638.209766237 2894104.0043431106 10457297.951076578 10689306.682502288 6.145999908447266
28 40000.0 75000.0 4350000.0 12995037.301928 12702975.86191605 922020.7369419056 919021.4237850687 3010638.209766237 2894103.66589028 10457297.951076578 10689307.020955479 5.894000053405762
29 40000.0 75000.0 4600000.0 12992854.275155906 12699821.579736255 919837.7101683369 915873.1482393085 3010638.209766237 2894097.6592505034 10457297.951076578 10689313.027596606 5.710000038146973
30 60000.0 75000.0 3600000.0 11177828.837460622 11058029.94848229 924867.2009509351 928078.5772591166 7924551.36171202 8031805.942398445 12277352.879552178 12343310.087868255 5.953999996185303
31 60000.0 75000.0 3850000.0 11172933.07150039 11054229.38622955 919971.4349917602 924277.8265386166 7924551.36171202 8031806.130864584 12277352.879552178 12343309.899402736 5.753999948501587
32 60000.0 75000.0 4100000.0 11169936.925297087 11051054.015111053 916975.2887881371 921101.4004942018 7924551.36171202 8031807.185792415 12277352.879552178 12343308.844472675 5.783999919891357
33 60000.0 75000.0 4350000.0 11168045.1950497 11047947.571549883 915083.5585407336 917996.0988639623 7924551.36171202 8031806.0438623335 12277352.879552178 12343309.986403693 5.838000059127808
34 60000.0 75000.0 4600000.0 11166387.476091474 11044898.387159491 913425.8395829116 914959.3283380019 7924551.36171202 8031793.629989374 12277352.879552178 12343322.400275726 5.855000019073486
35 80000.0 75000.0 3600000.0 9884990.89350674 9496826.102005266 915229.1709296823 926747.1602643814 13375319.528203664 13263638.85633373 13560552.79348106 13903182.51735499 5.884000062942505
36 80000.0 75000.0 3850000.0 9882161.85214294 9493726.667844083 912400.1295660993 923646.8811933921 13375319.528203664 13263639.701246776 13560552.79348106 13903181.672440853 5.825000047683716
37 80000.0 75000.0 4100000.0 9880375.796248123 9490689.75734993 910614.073671583 920610.1072097752 13375319.528203664 13263639.564733837 13560552.79348106 13903181.808953434 5.613000154495239
38 80000.0 75000.0 4350000.0 9878814.222477587 9487704.70530411 909052.499901102 917625.5597869827 13375319.528203664 13263639.060111668 13560552.79348106 13903182.313576424 5.538000106811523
39 80000.0 75000.0 4600000.0 9877453.835995076 9484763.533422591 907692.1134182368 914695.375336569 13375319.528203664 13263628.072679093 13560552.79348106 13903193.30100758 5.46399998664856
40 20000.0 100000.0 3600000.0 16916857.02339592 16794085.495411564 1120510.5877544046 1112529.3797495475 0.0 0.0 6733968.080421236 6791705.34342239 5.525000095367432
41 20000.0 100000.0 3850000.0 16905751.012679726 16782124.913895093 1109404.57703877 1100568.7982330373 0.0 0.0 6733968.080421236 6791705.34342239 5.668999910354614
42 20000.0 100000.0 4100000.0 16897919.992521748 16773175.943712011 1101573.556882179 1091619.8280494306 0.0 0.0 6733968.080421236 6791705.34342239 5.497999906539917
43 20000.0 100000.0 4350000.0 16891104.470962238 16764441.541041506 1094758.0353217414 1082885.425379922 0.0 0.0 6733968.080421236 6791705.34342239 5.503999948501587
44 20000.0 100000.0 4600000.0 16885090.14739283 16760915.205437813 1088743.711754062 1079359.0897784526 0.0 0.0 6733968.080421236 6791705.34342239 5.513999938964844
45 40000.0 100000.0 3600000.0 11968222.640384307 11664077.494681535 1134788.5434371226 1126561.6537912197 1771055.7417248832 1647665.068637191 11696880.419118332 11935745.61820786 5.5329999923706055
46 40000.0 100000.0 3850000.0 11963713.620577913 11658843.834546521 1130279.5236317043 1121328.493919602 1771055.7417248832 1647664.568375521 11696880.419118332 11935746.11846836 5.801000118255615
47 40000.0 100000.0 4100000.0 11959775.39540514 11655905.930176511 1126341.2984588658 1118390.612302331 1771055.7417248832 1647664.5456232512 11696880.419118332 11935746.141221708 5.538999795913696
48 40000.0 100000.0 4350000.0 11956408.159510292 11653036.899552708 1122974.0625637057 1115521.058664793 1771055.7417248832 1647665.068637191 11696880.419118332 11935745.61820786 5.5350000858306885
49 40000.0 100000.0 4600000.0 11954924.51974018 11650227.23630831 1121490.422794401 1112714.8074722623 1771055.7417248832 1647661.6565857271 11696880.419118332 11935749.030260134 5.520999908447266
50 60000.0 100000.0 3600000.0 10113583.116880018 10002514.920269338 1119444.3638622146 1122821.1049519177 6665728.478216697 6781548.386488644 13536175.763047313 13593567.643776828 5.611999988555908
51 60000.0 100000.0 3850000.0 10110091.843874 9999674.135264836 1115953.0908581968 1119980.4335815392 6665728.478216697 6781548.272856265 13536175.763047313 13593567.75740873 5.531999826431274
52 60000.0 100000.0 4100000.0 10107981.333933596 9996893.42311889 1113842.5809170608 1117199.488228443 6665728.478216697 6781548.5060636345 13536175.763047313 13593567.52420184 5.773000001907349
53 60000.0 100000.0 4350000.0 10106787.662383767 9994163.508272909 1112648.9093675807 1114470.8454974657 6665728.478216697 6781547.233944446 13536175.763047313 13593568.79632074 5.658999919891357
54 60000.0 100000.0 4600000.0 10105748.71579409 9991475.62997387 1111609.9627773915 1111802.17277572 6665728.478216697 6781528.028372841 13536175.763047313 13593588.001893237 5.458999872207642
55 80000.0 100000.0 3600000.0 8816835.838206079 8441694.834320832 1110392.7454685909 1122231.5298948358 12112000.89836377 12013023.219017819 14823871.423321364 15153798.154669069 5.588000059127808
56 80000.0 100000.0 3850000.0 8814912.70583274 8438982.073783292 1108469.6130966144 1119517.0795406594 12112000.89836377 12013024.908836959 14823871.423321364 15153796.464850789 5.543999910354614
57 80000.0 100000.0 4100000.0 8813826.596138176 8436313.695676126 1107383.5034013428 1116848.8016206021 12112000.89836377 12013024.808649318 14823871.423321364 15153796.565038707 6.330999851226807
58 80000.0 100000.0 4350000.0 8812883.430199016 8433682.071178276 1106440.3374622066 1114218.7667519888 12112000.89836377 12013023.219017819 14823871.423321364 15153798.154669069 5.537999868392944
59 80000.0 100000.0 4600000.0 8812069.259839317 8431081.669082137 1105626.1671020759 1111643.2096419912 12112000.89836377 12012998.374032391 14823871.423321364 15153822.999654677 5.4709999561309814
60 20000.0 125000.0 3600000.0 17079087.392741144 16956640.59136704 1282740.9570999786 1275084.4756954908 0.0 0.0 6733968.080421236 6791705.34342239 5.977999925613403
61 20000.0 125000.0 3850000.0 17068396.30532876 16945005.9923708 1272049.8696881905 1263449.8766996246 0.0 0.0 6733968.080421236 6791705.34342239 5.593000173568726
62 20000.0 125000.0 4100000.0 17060982.734222043 16936677.80625554 1264636.2985831425 1255121.6905838917 0.0 0.0 6733968.080421236 6791705.34342239 5.5249998569488525
63 20000.0 125000.0 4350000.0 17054525.562438242 16928552.336995672 1258179.12679761 1246996.2213235393 0.0 0.0 6733968.080421236 6791705.34342239 5.555999994277954
64 20000.0 125000.0 4600000.0 17048834.185390234 16924836.514803033 1252487.7497516617 1243280.39913563 0.0 0.0 6733968.080421236 6791705.34342239 5.528000116348267
65 40000.0 125000.0 3600000.0 10918099.56935001 10602109.254117776 1321258.8149009892 1312456.7404681644 534462.39922654 399801.741390832 12933473.761616165 13183608.945453761 5.521999835968018
66 40000.0 125000.0 3850000.0 10914860.523922857 10599418.49318615 1318019.7694743949 1309765.5073145204 534462.39922654 399802.213611742 12933473.761616165 13183608.473233212 5.514999866485596
67 40000.0 125000.0 4100000.0 10912033.53489301 10596790.58232898 1315192.7804456016 1307138.0686786852 534462.39922654 399801.741390832 12933473.761616165 13183608.945453761 5.581000089645386
68 40000.0 125000.0 4350000.0 10909573.33966669 10594215.028991114 1312732.585218712 1304562.0431190776 534462.39922654 399802.213611742 12933473.761616165 13183608.473233212 5.536999940872192
69 40000.0 125000.0 4600000.0 10908525.127930516 10591683.493130079 1311684.3734838795 1302030.9794793888 534462.39922654 399801.741390832 12933473.761616165 13183608.945453761 5.55899977684021
70 60000.0 125000.0 3600000.0 9043713.278936306 8939265.763132093 1301942.7488494941 1302663.9068211003 5413360.255281735 5538456.427486631 14788543.985982932 14836659.60278024 5.579999923706055
71 60000.0 125000.0 3850000.0 9041275.039937453 8936727.205157364 1299504.509852805 1300125.3951974893 5413360.255281735 5538456.381135489 14788543.985982932 14836659.649130508 5.503999948501587
72 60000.0 125000.0 4100000.0 9039804.63735186 8934232.486567684 1298034.1072674468 1297630.852274937 5413360.255281735 5538456.205464938 14788543.985982932 14836659.824801957 5.539000034332275
73 60000.0 125000.0 4350000.0 9039086.14362512 8931774.920939868 1297315.613539399 1295173.2757108053 5413360.255281735 5538456.2164018275 14788543.985982932 14836659.813864602 5.539999961853027
74 60000.0 125000.0 4600000.0 9038468.400781337 8929348.223735 1296697.870696064 1292746.578466732 5413360.255281735 5538456.21644302 14788543.985982932 14836659.81382338 5.5950000286102295
75 80000.0 125000.0 3600000.0 7743291.793046667 7378374.636127772 1292432.131283506 1302131.4201073395 10856417.46738251 10769803.130607223 16079454.85430114 16397018.243079992 5.661999940872192
76 80000.0 125000.0 3850000.0 7742030.960863632 7375940.5057289675 1291171.29833199 1299696.3056462996 10856417.468150977 10769804.114671733 16079454.853532664 16397017.259015908 5.58899998664856
77 80000.0 125000.0 4100000.0 7741405.680823271 7373537.399729667 1290546.018292737 1297295.1980824166 10856417.468150977 10769802.116231835 16079454.853532664 16397019.257454002 5.568999767303467
78 80000.0 125000.0 4350000.0 7740872.769040685 7371159.9996785 1290013.1065098008 1294916.1991243453 10856417.468150977 10769803.715140944 16079454.853532664 16397017.658545641 5.559000015258789
79 80000.0 125000.0 4600000.0 7740420.480863705 7368804.46557088 1289560.8183322155 1292560.381165339 10856417.468150977 10769803.998994194 16079454.853532664 16397017.374692533 5.500999927520752
