 A V P E_backup_full E_backup_repr E_loss_stor_full E_loss_stor_repr E_curt_full E_curt_repr E_sol_full E_sol_repr t_repr
0 20000.0 50000.0 3600000.0         4.335000038146973
1 20000.0 50000.0 3850000.0         4.552999973297119
2 20000.0 50000.0 4100000.0         4.766999959945679
3 20000.0 50000.0 4350000.0 16592380.836997658 16687761.857964527 720636.8058188369 714691.347255773 75397.595537396 152834.3784498492 6658570.484883834 6565663.166946663 6.898999929428101
4 20000.0 50000.0 4600000.0 16585038.744825438 16681564.026180677 713294.7136478272 708491.8776805184 75397.595537396 152836.01624100123 6658570.484883834 6565661.529155366 4.927000045776367
5 40000.0 50000.0 3600000.0         4.4700000286102295
6 40000.0 50000.0 3850000.0         4.66100001335144
7 40000.0 50000.0 4100000.0 14027214.641901145 14066673.453271924 709087.3188457013 698877.9078576317 4255748.9678347325 4266056.95855223 9212187.19300798 9170938.132240359 5.202000141143799
8 40000.0 50000.0 4350000.0 14021212.744126163 14060631.10406725 703085.4210683812 692835.9121958108 4255748.9678347325 4266056.605009261 9212187.19300798 9170938.485782892 4.986000061035156
9 40000.0 50000.0 4600000.0 14017958.597951574 14055860.16951444 699831.2748941265 688064.6822694035 4255748.9678347325 4266056.900380464 9212187.19300798 9170938.1904119 5.113000154495239
10 60000.0 50000.0 3600000.0         4.457000017166138
11 60000.0 50000.0 3850000.0 12226730.50313483 11885789.024550889 704325.326430931 694591.2273515582 9193994.901906958 8807956.755739324 11007909.339356776 11347535.880447952 5.3420000076293945
12 60000.0 50000.0 4100000.0 12222459.576220773 11879763.293690234 700054.3995160435 688561.460731029 9193994.901906958 8807960.791499896 11007909.339356776 11347531.844689986 5.038000106811523
13 60000.0 50000.0 4350000.0 12219501.072566815 11877101.175054353 697095.8958600254 685889.4209058258 9193994.901906958 8807970.712689072 11007909.339356776 11347521.923501695 5.309000015258789
14 60000.0 50000.0 4600000.0 12216898.182801396 11875410.301391432 694493.0060953507 684212.1562066267 9193994.901906958 8807957.103719309 11007909.339356776 11347535.532469004 4.990999937057495
15 80000.0 50000.0 3600000.0  10136916.92034264  694150.0497068148  13778023.374572113  13095966.807019372 5.028000116348267
16 80000.0 50000.0 3850000.0 10940857.160636373 10132574.73585826 696920.0748667055 689839.0501742056 14649494.891399235 13777992.189622425 12286377.430286905 13095997.991967183 5.078999996185303
17 80000.0 50000.0 4100000.0 10937984.567826312 10130584.33084393 694047.4820560425 687845.1091766439 14649494.891399235 13777995.725610362 12286377.430286905 13095994.455982449 5.141999959945679
18 80000.0 50000.0 4350000.0 10935465.780757817 10128967.751791382 691528.694986766 686227.1250655141 14649494.891399235 13777997.130653456 12286377.430286905 13095993.05093729 4.994999885559082
19 80000.0 50000.0 4600000.0 10933258.05341923 10127637.14593538 689320.9232587955 684902.0224128079 14649494.935789015 13777991.62745064 12286377.385897128 13095998.554139338 5.226000070571899
20 20000.0 75000.0 3600000.0         4.444999933242798
21 20000.0 75000.0 3850000.0 16730294.266034873 16747549.59414412 933947.8303922749 927313.4618839999 0.0 0.0 6733968.080421236 6718497.545396153 5.43399977684021
22 20000.0 75000.0 4100000.0 16721854.474449845 16739273.689857781 925508.0388079395 919037.5575998437 0.0 0.0 6733968.080421236 6718497.545396153 5.204999923706055
23 20000.0 75000.0 4350000.0 16714516.528060105 16733610.70779831 918170.0924179419 913374.5755368373 0.0 0.0 6733968.080421236 6718497.545396153 5.63700008392334
24 20000.0 75000.0 4600000.0 16708032.928895695 16728210.59668473 911686.4932547624 907974.4644268587 0.0 0.0 6733968.080421236 6718497.545396153 5.196000099182129
25 40000.0 75000.0 3600000.0 13011181.561889742 13063954.860607097 938164.9969031352 923317.2202125185 3010638.209766237 3038899.0535404375 10457297.951076578 10398096.037251338 5.2850000858306885
26 40000.0 75000.0 3850000.0 13004951.649977373 13058518.012045449 931935.0849920593 917910.4944467355 3010638.209766237 3038868.9307511733 10457297.951076578 10398126.160040852 5.025000095367432
27 40000.0 75000.0 4100000.0 12999509.11165627 13054036.244499886 926492.5466708048 913413.9244588026 3010638.209766237 3038883.7331933263 10457297.951076578 10398111.357597293 5.380999803543091
28 40000.0 75000.0 4350000.0 12995037.301928 13050413.500782782 922020.7369419056 909792.6301780036 3010638.209766237 3038882.28375665 10457297.951076578 10398112.807035325 5.476999998092651
29 40000.0 75000.0 4600000.0 12992854.275155906 13046968.419594651 919837.7101683369 906343.1033650677 3010638.209766237 3038886.7293809378 10457297.951076578 10398108.361412033 5.23199987411499
30 60000.0 75000.0 3600000.0 11177828.837460622 10843548.670900084 924867.2009509351 910701.2308210778 7924551.36171202 7549606.398628837 12277352.879552178 12605886.237560673 5.073999881744385
31 60000.0 75000.0 3850000.0 11172933.07150039 10839201.875474522 919971.4349917602 906372.2861383696 7924551.36171202 7549588.547873915 12277352.879552178 12605904.088315463 5.49399995803833
32 60000.0 75000.0 4100000.0 11169936.925297087 10835045.487886233 916975.2887881371 902224.5427541742 7924551.36171202 7549579.903678089 12277352.879552178 12605912.732509486 5.054999828338623
33 60000.0 75000.0 4350000.0 11168045.1950497 10832702.533856587 915083.5585407336 899882.2983392043 7924551.36171202 7549579.194060222 12277352.879552178 12605913.442129802 5.428999900817871
34 60000.0 75000.0 4600000.0 11166387.476091474 10831364.693974227 913425.8395829116 898537.1280230015 7924551.36171202 7549586.524503861 12277352.879552178 12605906.111684304 5.034999847412109
35 80000.0 75000.0 3600000.0 9884990.89350674 9091389.81715209 915229.1709296823 903777.2158133907 13375319.528203664 12522869.10527264 13560552.79348106 14351121.076317566 5.066999912261963
36 80000.0 75000.0 3850000.0 9882161.85214294 9087713.468946697 912400.1295660993 900128.7141536031 13375319.528203664 12522841.258732615 13560552.79348106 14351148.922854759 5.4049999713897705
37 80000.0 75000.0 4100000.0 9880375.796248123 9086228.98313225 910614.073671583 898640.3846777377 13375319.528203664 12522845.102396064 13560552.79348106 14351145.079195673 5.083999872207642
38 80000.0 75000.0 4350000.0 9878814.222477587 9085261.340212928 909052.499901102 897670.0033732824 13375319.528203664 12522847.840772793 13560552.79348106 14351142.340816492 5.5920000076293945
39 80000.0 75000.0 4600000.0 9877453.835995076 9084576.933571631 907692.1134182368 896994.297233253 13375319.528203664 12522839.140263317 13560552.79348106 14351151.041328102 5.078000068664551
40 20000.0 100000.0 3600000.0 16916857.02339592 16931991.13941016 1120510.5877544046 1111755.007153063 0.0 0.0 6733968.080421236 6718497.545396153 5.0290000438690186
41 20000.0 100000.0 3850000.0 16905751.012679726 16923429.370918363 1109404.57703877 1103193.238660605 0.0 0.0 6733968.080421236 6718497.545396153 5.161999940872192
42 20000.0 100000.0 4100000.0 16897919.992521748 16915424.574350186 1101573.556882179 1095188.4420881649 0.0 0.0 6733968.080421236 6718497.545396153 5.2769999504089355
43 20000.0 100000.0 4350000.0 16891104.470962238 16910235.209029816 1094758.0353217414 1089999.0767597386 0.0 0.0 6733968.080421236 6718497.545396153 5.322999954223633
44 20000.0 100000.0 4600000.0 16885090.14739283 16905299.14204328 1088743.711754062 1085063.0097791406 0.0 0.0 6733968.080421236 6718497.545396153 5.128000020980835
45 40000.0 100000.0 3600000.0 11968222.640384307 12034830.595263096 1134788.5434371226 1119091.0414241087 1771055.7417248832 1814000.9669854199 11696880.419118332 11622994.123807978 5.5920000076293945
46 40000.0 100000.0 3850000.0 11963713.620577913 12031461.473081183 1130279.5236317043 1115722.0679393238 1771055.7417248832 1814000.8182872997 11696880.419118332 11622994.272505809 5.242999792098999
47 40000.0 100000.0 4100000.0 11959775.39540514 12028248.358603062 1126341.2984588658 1112520.7786666632 1771055.7417248832 1813988.993076478 11696880.419118332 11623006.097715745 5.319000005722046
48 40000.0 100000.0 4350000.0 11956408.159510292 12025221.681902502 1122974.0625637057 1109489.6483859015 1771055.7417248832 1813993.4466501346 11696880.419118332 11623001.644141896 5.252000093460083
49 40000.0 100000.0 4600000.0 11954924.51974018 12022616.27093102 1121490.422794401 1106885.7799744804 1771055.7417248832 1813991.9040948786 11696880.419118332 11623003.186696598 5.315999984741211
50 60000.0 100000.0 3600000.0 10113583.116880018 9785741.075164028 1119444.3638622146 1104230.6190668521 6665728.478216697 6298269.414636233 13536175.763047313 13857223.221552087 5.236999988555908
51 60000.0 100000.0 3850000.0 10110091.843874 9782125.386198055 1115953.0908581968 1100615.3436840146 6665728.478216697 6298269.001046534 13536175.763047313 13857223.635143502 5.164000034332275
52 60000.0 100000.0 4100000.0 10107981.333933596 9779131.94526892 1113842.5809170608 1097653.8024014323 6665728.478216697 6298237.101401263 13536175.763047313 13857255.534789035 5.315000057220459
53 60000.0 100000.0 4350000.0 10106787.662383767 9777583.88636135 1112648.9093675807 1096109.578239401 6665728.478216697 6298233.266651996 13536175.763047313 13857259.36953569 5.025000095367432
54 60000.0 100000.0 4600000.0 10105748.71579409 9777146.121074528 1111609.9627773915 1095658.6990214782 6665728.478216697 6298246.380589676 13536175.763047313 13857246.25559995 5.4670000076293945
55 80000.0 100000.0 3600000.0 8816835.838206079 8035200.791087365 1110392.7454685909 1095444.1146108462 12112000.89836377 11275013.180404913 14823871.423321364 15598977.001185646 5.266000032424927
56 80000.0 100000.0 3850000.0 8814912.70583274 8033255.307199134 1108469.6130966144 1093498.6126287933 12112000.89836377 11275013.1984968 14823871.423321364 15598976.983094243 5.259000062942505
57 80000.0 100000.0 4100000.0 8813826.596138176 8032588.457876533 1107383.5034013428 1092864.1980035095 12112000.89836377 11274980.763799137 14823871.423321364 15599009.41779178 5.192999839782715
58 80000.0 100000.0 4350000.0 8812883.430199016 8032179.156849152 1106440.3374622066 1092473.1881536217 12112000.89836377 11274962.472627643 14823871.423321364 15599027.708963387 5.703000068664551
59 80000.0 100000.0 4600000.0 8812069.259839317 8031971.870070383 1105626.1671020759 1092246.6756119786 12112000.89836377 11274981.6983843 14823871.423321364 15599008.483205626 5.175999879837036
60 20000.0 125000.0 3600000.0 17079087.392741144 17094265.14731232 1282740.9570999786 1274029.0150714412 0.0 0.0 6733968.080421236 6718497.545396153 6.449000120162964
61 20000.0 125000.0 3850000.0 17068396.30532876 17086303.77499949 1272049.8696881905 1266067.6427571808 0.0 0.0 6733968.080421236 6718497.545396153 5.858999967575073
62 20000.0 125000.0 4100000.0 17060982.734222043 17078473.388658162 1264636.2985831425 1258237.2564165872 0.0 0.0 6733968.080421236 6718497.545396153 5.748999834060669
63 20000.0 125000.0 4350000.0 17054525.562438242 17073599.16144276 1258179.12679761 1253363.0291945448 0.0 0.0 6733968.080421236 6718497.545396153 5.330000162124634
64 20000.0 125000.0 4600000.0 17048834.185390234 17068990.35715633 1252487.7497516617 1248754.2249130474 0.0 0.0 6733968.080421236 6718497.545396153 5.213000059127808
65 40000.0 125000.0 3600000.0 10918099.56935001 10998260.797770014 1321258.8149009892 1301494.074206111 534462.39922654 595028.1367083181 12933473.761616165 12841966.954083823 5.434999942779541
66 40000.0 125000.0 3850000.0 10914860.523922857 10995421.460206727 1318019.7694743949 1298654.9565851802 534462.39922654 595027.91676636 12933473.761616165 12841967.174025623 5.122999906539917
67 40000.0 125000.0 4100000.0 10912033.53489301 10993202.516688565 1315192.7804456016 1296440.5937159753 534462.39922654 595023.3361153405 12933473.761616165 12841971.754676498 5.085999965667725
68 40000.0 125000.0 4350000.0 10909573.33966669 10991518.45136188 1312732.585218712 1294758.5919840909 534462.39922654 595021.2725185261 12933473.761616165 12841973.818273403 5.055000066757202
69 40000.0 125000.0 4600000.0 10908525.127930516 10990319.02883045 1311684.3734838795 1293558.0809124704 534462.39922654 595022.3610635545 12933473.761616165 12841972.729728302 5.162999868392944
70 60000.0 125000.0 3600000.0 9043713.278936306 8721122.138566863 1301942.7488494941 1284637.6606826459 5413360.255281735 5053243.436417792 14788543.985982932 15102249.19977104 5.065999984741211
71 60000.0 125000.0 3850000.0 9041275.039937453 8719305.389021942 1299504.509852805 1282821.8781289076 5413360.255281735 5053242.46942432 14788543.985982932 15102250.166765379 5.04200005531311
72 60000.0 125000.0 4100000.0 9039804.63735186 8717692.636721423 1298034.1072674468 1281239.4486904545 5413360.255281735 5053212.146572044 14788543.985982932 15102280.489617733 5.069000005722046
73 60000.0 125000.0 4350000.0 9039086.14362512 8716752.30663252 1297315.613539399 1280311.016201006 5413360.255281735 5053200.24897141 14788543.985982932 15102292.387218002 5.077000141143799
74 60000.0 125000.0 4600000.0 9038468.400781337 8716388.192089783 1296697.870696064 1279921.3356571295 5413360.255281735 5053225.814970923 14788543.985982932 15102266.821218787 5.117000102996826
75 80000.0 125000.0 3600000.0 7743291.793046667 6973793.401873182 1292432.131283506 1278052.1437015296 10856417.46738251 10030997.76210327 16079454.85430114 16842992.4194852 5.008999824523926
76 80000.0 125000.0 3850000.0 7742030.960863632 6972280.228360271 1291171.29833199 1276539.0177947783 10856417.468150977 10030997.714494647 16079454.853532664 16842992.46709376 5.026000022888184
77 80000.0 125000.0 4100000.0 7741405.680823271 6971681.326595148 1290546.018292737 1275978.5478775029 10856417.468150977 10030959.282646066 16079454.853532664 16843030.89894114 5.003999948501587
78 80000.0 125000.0 4350000.0 7740872.769040685 6971332.136658638 1290013.1065098008 1275616.7338019533 10856417.468150977 10030971.906794319 16079454.853532664 16843018.27479759 5.0
79 80000.0 125000.0 4600000.0 7740420.480863705 6971167.213754563 1289560.8183322155 1275451.254271433 10856417.468150977 10030972.463428404 16079454.853532664 16843017.718163658 4.991999864578247
