 A V P E_backup_full E_backup_repr E_loss_stor_full E_loss_stor_repr E_curt_full E_curt_repr E_sol_full E_sol_repr t_repr
0 20000.0 50000.0 3600000.0         5.9649999141693115
1 20000.0 50000.0 3850000.0         6.036999940872192
2 20000.0 50000.0 4100000.0         7.123999834060669
3 20000.0 50000.0 4350000.0 16592380.836997658 16243274.151711088 720636.8058188369 689336.6258009418 75397.595537396 0.0 6658570.484883834 6696371.536819739 8.967000007629395
4 20000.0 50000.0 4600000.0 16585038.744825438 16239612.01905365 713294.7136478272 685674.4931427438 75397.595537396 0.0 6658570.484883834 6696371.536819739 8.912999868392944
5 40000.0 50000.0 3600000.0         9.131999969482422
6 40000.0 50000.0 3850000.0         7.039000034332275
7 40000.0 50000.0 4100000.0 14027214.641901145 13547552.704696625 709087.3188457013 695494.3957566475 4255748.9678347325 3994492.319823607 9212187.19300798 9398250.75381557 9.014999866485596
8 40000.0 50000.0 4350000.0 14021212.744126163 13545516.101890387 703085.4210683812 693485.0951862934 4255748.9678347325 3994465.017578368 9212187.19300798 9398278.056061 8.368000030517578
9 40000.0 50000.0 4600000.0 14017958.597951574 13543678.909444794 699831.2748941265 691613.824973791 4255748.9678347325 3994499.0953445323 9212187.19300798 9398243.978293156 9.736000061035156
10 60000.0 50000.0 3600000.0         6.8500001430511475
11 60000.0 50000.0 3850000.0 12226730.50313483  704325.326430931  9193994.901906958  11007909.339356776  7.802000045776367
12 60000.0 50000.0 4100000.0 12222459.576220773 12005412.293255769 700054.3995160435 694782.6351060668 9193994.901906958 9149435.205859317 11007909.339356776 10939679.404604498 8.825000047683716
13 60000.0 50000.0 4350000.0 12219501.072566815 12003535.790641708 697095.8958600254 692874.3397120826 9193994.901906958 9149466.99863162 11007909.339356776 10939647.611832712 8.578999996185303
14 60000.0 50000.0 4600000.0 12216898.182801396 12001729.826649042 694493.0060953507 691083.3024550033 9193994.901906958 9149452.071898293 11007909.339356776 10939662.538566118 8.167999982833862
15 80000.0 50000.0 3600000.0         7.400000095367432
16 80000.0 50000.0 3850000.0 10940857.160636373  696920.0748667055  14649494.891399235  12286377.430286905  7.5959999561309814
17 80000.0 50000.0 4100000.0 10937984.567826312 10463841.642753867 694047.4820560425 694994.6819888528 14649494.891399235 14304024.045297487 12286377.430286905 12481462.101985563 9.021999835968018
18 80000.0 50000.0 4350000.0 10935465.780757817 10461784.200120647 691528.694986766 692830.821185258 14649494.891399235 14304130.46346462 12286377.430286905 12481355.68381702 8.682000160217285
19 80000.0 50000.0 4600000.0 10933258.05341923 10459991.388701692 689320.9232587955 690930.467601366 14649494.935789015 14304238.005623512 12286377.385897128 12481248.141659347 8.65399980545044
20 20000.0 75000.0 3600000.0         7.375999927520752
21 20000.0 75000.0 3850000.0 16730294.266034873 16460115.593986198 933947.8303922749 906178.0680859998 0.0 0.0 6733968.080421236 6696371.536819739 8.581000089645386
22 20000.0 75000.0 4100000.0 16721854.474449845 16450372.782032337 925508.0388079395 896435.256135252 0.0 0.0 6733968.080421236 6696371.536819739 8.404000043869019
23 20000.0 75000.0 4350000.0 16714516.528060105 16442885.263973303 918170.0924179419 888947.7380755293 0.0 0.0 6733968.080421236 6696371.536819739 8.164999961853027
24 20000.0 75000.0 4600000.0 16708032.928895695 16438579.390033249 911686.4932547624 884641.8641363651 0.0 0.0 6733968.080421236 6696371.536819739 8.75600004196167
25 40000.0 75000.0 3600000.0 13011181.561889742 12504940.840692129 938164.9969031352 910952.7098663463 3010638.209766237 2736422.141713811 10457297.951076578 10656320.931923948 8.32099986076355
26 40000.0 75000.0 3850000.0 13004951.649977373 12502776.839430982 931935.0849920593 908795.6448448349 3010638.209766237 2736415.205478377 10457297.951076578 10656327.86815968 8.98199987411499
27 40000.0 75000.0 4100000.0 12999509.11165627 12500754.502312165 926492.5466708048 906767.3018915326 3010638.209766237 2736421.2113237595 10457297.951076578 10656321.862314638 9.246000051498413
28 40000.0 75000.0 4350000.0 12995037.301928 12499077.281054819 922020.7369419056 905137.3654933702 3010638.209766237 2736373.926455782 10457297.951076578 10656369.147183053 8.841000080108643
29 40000.0 75000.0 4600000.0 12992854.275155906 12497597.984999062 919837.7101683369 903613.1101734734 3010638.209766237 2736418.8857153575 10457297.951076578 10656324.187922603 8.355999946594238
30 60000.0 75000.0 3600000.0 11177828.837460622 10962381.874596624 924867.2009509351 909810.9302941336 7924551.36171202 7891376.4920312725 12277352.879552178 12197738.11843136 8.491000175476074
31 60000.0 75000.0 3850000.0 11172933.07150039 10960434.835712196 919971.4349917602 907912.9702178064 7924551.36171202 7891327.413221099 12277352.879552178 12197787.197242998 8.122999906539917
32 60000.0 75000.0 4100000.0 11169936.925297087 10958677.967788108 916975.2887881371 906038.7689542378 7924551.36171202 7891444.746563961 12277352.879552178 12197669.863900263 8.331000089645386
33 60000.0 75000.0 4350000.0 11168045.1950497 10957168.531687157 915083.5585407336 904429.6875461511 7924551.36171202 7891544.39186458 12277352.879552178 12197570.21859874 8.557999849319458
34 60000.0 75000.0 4600000.0 11166387.476091474 10955713.115593838 913425.8395829116 902954.3329757525 7924551.36171202 7891564.33034699 12277352.879552178 12197550.280117568 8.513000011444092
35 80000.0 75000.0 3600000.0 9884990.89350674 9420579.840907251 915229.1709296823 909523.8454043986 13375319.528203664 13046233.080028985 13560552.79348106 13739253.067254288 8.348000049591064
36 80000.0 75000.0 3850000.0 9882161.85214294 9418809.16493491 912400.1295660993 907876.2282771659 13375319.528203664 13046110.021186646 13560552.79348106 13739376.126096157 8.871999979019165
37 80000.0 75000.0 4100000.0 9880375.796248123 9417099.443459632 910614.073671583 906084.5752359696 13375319.528203664 13046191.952746015 13560552.79348106 13739294.194538105 9.658999919891357
38 80000.0 75000.0 4350000.0 9878814.222477587 9415446.398149755 909052.499901102 904278.2431638163 13375319.528203664 13046345.239510117 13560552.79348106 13739140.907773113 9.36899995803833
39 80000.0 75000.0 4600000.0 9877453.835995076 9413997.811239064 907692.1134182368 902737.3111049067 13375319.528203664 13046437.584661514 13560552.79348106 13739048.562619418 9.884999990463257
40 20000.0 100000.0 3600000.0 16916857.02339592 16647274.650089474 1120510.5877544046 1093337.1241870096 0.0 0.0 6733968.080421236 6696371.536819739 10.551999807357788
41 20000.0 100000.0 3850000.0 16905751.012679726 16637978.67612393 1109404.57703877 1084041.1502181718 0.0 0.0 6733968.080421236 6696371.536819739 10.188000202178955
42 20000.0 100000.0 4100000.0 16897919.992521748 16628899.3794631 1101573.556882179 1074961.8535549482 0.0 0.0 6733968.080421236 6696371.536819739 9.322999954223633
43 20000.0 100000.0 4350000.0 16891104.470962238 16622095.364393543 1094758.0353217414 1068157.8384874947 0.0 0.0 6733968.080421236 6696371.536819739 10.20799994468689
44 20000.0 100000.0 4600000.0 16885090.14739283 16617253.625491913 1088743.711754062 1063316.099586898 0.0 0.0 6733968.080421236 6696371.536819739 8.114000082015991
45 40000.0 100000.0 3600000.0 11968222.640384307 11445826.701363659 1134788.5434371226 1099967.3823607443 1771055.7417248832 1488293.3299062063 11696880.419118332 11904449.743732061 8.454999923706055
46 40000.0 100000.0 3850000.0 11963713.620577913 11444011.562849222 1130279.5236317043 1098147.1268162695 1771055.7417248832 1488298.44692736 11696880.419118332 11904444.626712197 9.759999990463257
47 40000.0 100000.0 4100000.0 11959775.39540514 11442311.432060529 1126341.2984588658 1096449.3906859881 1771055.7417248832 1488296.0522760556 11696880.419118332 11904447.021362312 8.134999990463257
48 40000.0 100000.0 4350000.0 11956408.159510292 11440866.315564692 1122974.0625637057 1095006.0653564376 1771055.7417248832 1488294.2610978698 11696880.419118332 11904448.81253955 8.35699987411499
49 40000.0 100000.0 4600000.0 11954924.51974018 11439617.566521138 1121490.422794401 1093761.3670188542 1771055.7417248832 1488290.2103957983 11696880.419118332 11904452.86324202 9.629999876022339
50 60000.0 100000.0 3600000.0 10113583.116880018 9903403.068131678 1119444.3638622146 1098376.1286420021 6665728.478216697 6643832.487218026 13536175.763047313 13445282.12324455 9.367000102996826
51 60000.0 100000.0 3850000.0 10110091.843874 9901765.491721446 1115953.0908581968 1096739.880320185 6665728.478216697 6643831.159128229 13536175.763047313 13445283.451335859 7.763999938964844
52 60000.0 100000.0 4100000.0 10107981.333933596 9900296.09327784 1113842.5809170608 1095266.419604066 6665728.478216697 6643835.221395428 13536175.763047313 13445279.389067834 11.063999891281128
53 60000.0 100000.0 4350000.0 10106787.662383767 9899013.59770166 1112648.9093675807 1094013.8440653172 6665728.478216697 6643805.3013634095 13536175.763047313 13445309.309100268 10.681999921798706
54 60000.0 100000.0 4600000.0 10105748.71579409 9897784.301711053 1111609.9627773915 1092744.5531769602 6665728.478216697 6643845.296259245 13536175.763047313 13445269.314202849 8.533999919891357
55 80000.0 100000.0 3600000.0 8816835.838206079 8361606.552437336 1110392.7454685909 1098128.7648002103 12112000.89836377 11798654.872164274 14823871.423321364 14986831.27512004 9.039000034332275
56 80000.0 100000.0 3850000.0 8814912.70583274 8360137.84244148 1108469.6130966144 1096920.0875040716 12112000.89836377 11798394.839457368 14823871.423321364 14987091.307825102 8.586999893188477
57 80000.0 100000.0 4100000.0 8813826.596138176 8358707.417194916 1107383.5034013428 1095241.0338486724 12112000.89836377 11798643.467865784 14823871.423321364 14986842.679414643 8.122999906539917
58 80000.0 100000.0 4350000.0 8812883.430199016 8357314.500840849 1106440.3374622066 1093690.200489489 12112000.89836377 11798801.38487767 14823871.423321364 14986684.76240444 7.289000034332275
59 80000.0 100000.0 4600000.0 8812069.259839317 8356086.658280456 1105626.1671020759 1092437.4128501005 12112000.89836377 11798826.32996006 14823871.423321364 14986659.81732131 7.959000110626221
60 20000.0 125000.0 3600000.0 17079087.392741144 16810879.037165437 1282740.9570999786 1256941.5112650453 0.0 0.0 6733968.080421236 6696371.536819739 8.770999908447266
61 20000.0 125000.0 3850000.0 17068396.30532876 16802248.90367008 1272049.8696881905 1248311.377761372 0.0 0.0 6733968.080421236 6696371.536819739 7.9679999351501465
62 20000.0 125000.0 4100000.0 17060982.734222043 16793678.90977483 1264636.2985831425 1239741.383868704 0.0 0.0 6733968.080421236 6696371.536819739 7.486000061035156
63 20000.0 125000.0 4350000.0 17054525.562438242 16787306.63277515 1258179.12679761 1233369.1068736694 0.0 0.0 6733968.080421236 6696371.536819739 10.08299994468689
64 20000.0 125000.0 4600000.0 17048834.185390234 16782015.239460915 1252487.7497516617 1228077.7135583968 0.0 0.0 6733968.080421236 6696371.536819739 8.569000005722046
65 40000.0 125000.0 3600000.0 10918099.56935001 10379513.215974312 1321258.8149009892 1285572.6201197617 534462.39922654 236374.60674057997 12933473.761616165 13156368.466897586 9.009000062942505
66 40000.0 125000.0 3850000.0 10914860.523922857 10377943.351421326 1318019.7694743949 1284004.98648455 534462.39922654 236372.37581902998 12933473.761616165 13156370.697819138 7.294000148773193
67 40000.0 125000.0 4100000.0 10912033.53489301 10376469.514768546 1315192.7804456016 1282528.6165194393 534462.39922654 236374.90913883 12933473.761616165 13156368.164500548 10.323999881744385
68 40000.0 125000.0 4350000.0 10909573.33966669 10375839.111381872 1312732.585218712 1281897.046486632 534462.39922654 236376.07577958 12933473.761616165 13156366.997859467 7.927999973297119
69 40000.0 125000.0 4600000.0 10908525.127930516 10375752.093094572 1311684.3734838795 1281813.1229257379 534462.39922654 236372.98105069 12933473.761616165 13156370.092588248 8.931999921798706
70 60000.0 125000.0 3600000.0 9043713.278936306 8836744.533142326 1301942.7488494941 1272514.3829968749 5413360.255281735 5403035.697862955 14788543.985982932 14686078.912601648 8.216000080108643
71 60000.0 125000.0 3850000.0 9041275.039937453 8835323.430409892 1299504.509852805 1271093.419204486 5413360.255281735 5403035.558916376 14788543.985982932 14686079.051546393 11.559999942779541
72 60000.0 125000.0 4100000.0 9039804.63735186 8834410.473346604 1298034.1072674468 1270181.259795456 5413360.255281735 5403034.76126186 14788543.985982932 14686079.849199466 17.68499994277954
73 60000.0 125000.0 4350000.0 9039086.14362512 8834310.6120369 1297315.613539399 1270079.5493088947 5413360.255281735 5403036.610438909 14788543.985982932 14686078.00002556 11.577999830245972
74 60000.0 125000.0 4600000.0 9038468.400781337 8834238.18119492 1296697.870696064 1270011.513756544 5413360.255281735 5403032.2151509 14788543.985982932 14686082.39531333 10.625999927520752
75 80000.0 125000.0 3600000.0 7743291.793046667 7294957.753192803 1292432.131283506 1272075.1564702278 10856417.46738251 10558059.681244079 16079454.85430114 16227426.46603798 9.405999898910522
76 80000.0 125000.0 3850000.0 7742030.960863632 7293698.30708744 1291171.29833199 1270818.2956815 10856417.468150977 10558057.095932098 16079454.853532664 16227429.051350178 11.581000089645386
77 80000.0 125000.0 4100000.0 7741405.680823271 7293474.9110483015 1290546.018292737 1270592.814982434 10856417.468150977 10558059.18057801 16079454.853532664 16227426.96670589 8.80299997329712
78 80000.0 125000.0 4350000.0 7740872.769040685 7293355.100199634 1290013.1065098008 1270495.0112706828 10856417.468150977 10558037.173451226 16079454.853532664 16227448.973830918 8.776999950408936
79 80000.0 125000.0 4600000.0 7740420.480863705 7293281.198065295 1289560.8183322155 1270414.6727531233 10856417.468150977 10558043.60983308 16079454.853532664 16227442.53744826 8.7739999294281
