 A V P E_backup_full E_backup_repr E_loss_stor_full E_loss_stor_repr E_curt_full E_curt_repr E_sol_full E_sol_repr t_repr
0 20000.0 50000.0 3600000.0         5.959000110626221
1 20000.0 50000.0 3850000.0         7.245999813079834
2 20000.0 50000.0 4100000.0  16546798.246358994  717511.4344972649  0.0  6611793.358430711 9.717999935150146
3 20000.0 50000.0 4350000.0 16592380.836997658 16537216.328672329 720636.8058188369 707929.5168079634 75397.595537396 0.0 6658570.484883834 6611793.358430711 9.92799997329712
4 20000.0 50000.0 4600000.0 16585038.744825438 16534169.152887411 713294.7136478272 704882.3410220717 75397.595537396 0.0 6658570.484883834 6611793.358430711 7.259999990463257
5 40000.0 50000.0 3600000.0         6.182999849319458
6 40000.0 50000.0 3850000.0         6.976999998092651
7 40000.0 50000.0 4100000.0 14027214.641901145 14157714.8400697 709087.3188457013 699417.6431956837 4255748.9678347325 4240803.7434315495 9212187.19300798 8982782.9734317 7.457000017166138
8 40000.0 50000.0 4350000.0 14021212.744126163 14152509.882191282 703085.4210683812 694214.6214122877 4255748.9678347325 4240801.807336788 9212187.19300798 8982784.909526564 7.031999826431274
9 40000.0 50000.0 4600000.0 14017958.597951574 14150110.371584801 699831.2748941265 691810.7450440435 4255748.9678347325 4240806.1730968775 9212187.19300798 8982780.54376541 6.635999917984009
10 60000.0 50000.0 3600000.0         5.99399995803833
11 60000.0 50000.0 3850000.0 12226730.50313483 12985422.66605479 704325.326430931 696592.2046797207 9193994.901906958 9683130.366366683 11007909.339356776 10152249.708926326 6.95799994468689
12 60000.0 50000.0 4100000.0 12222459.576220773 12919954.67852979 700054.3995160435 693013.6894179662 9193994.901906958 9621240.894109147 11007909.339356776 10214139.181184247 8.822999954223633
13 60000.0 50000.0 4350000.0 12219501.072566815 12917736.7899557 697095.8958600254 690787.5978239152 9193994.901906958 9621249.097122688 11007909.339356776 10214130.978170095 7.38700008392334
14 60000.0 50000.0 4600000.0 12216898.182801396 12916559.999536004 694493.0060953507 689618.080674568 9193994.901906958 9621241.823848233 11007909.339356776 10214138.251444073 8.875
15 80000.0 50000.0 3600000.0         8.36299991607666
16 80000.0 50000.0 3850000.0 10940857.160636373 12112201.72399359 696920.0748667055 689521.2438225194 14649494.891399235 15428773.743603071 12286377.430286905 11018399.690120468 10.365999937057495
17 80000.0 50000.0 4100000.0 10937984.567826312 12109146.72565447 694047.4820560425 686464.5007124325 14649494.891399235 15428775.48837831 12286377.430286905 11018397.945346728 10.437999963760376
18 80000.0 50000.0 4350000.0 10935465.780757817 12108011.434647238 691528.694986766 685332.4783029607 14649494.891399235 15428772.219774053 12286377.430286905 11018401.21395055 10.771000146865845
19 80000.0 50000.0 4600000.0 10933258.05341923 12107259.944296341 689320.9232587955 684577.9673032049 14649494.935789015 15428775.240425063 12286377.385897128 11018398.193297934 10.169000148773193
20 20000.0 75000.0 3600000.0         8.424999952316284
21 20000.0 75000.0 3850000.0 16730294.266034873 16754505.668982064 933947.8303922749 925218.8571100044 0.0 0.0 6733968.080421236 6611793.358430711 9.49400019645691
22 20000.0 75000.0 4100000.0 16721854.474449845 16742554.05321179 925508.0388079395 913267.2413414594 0.0 0.0 6733968.080421236 6611793.358430711 8.839999914169312
23 20000.0 75000.0 4350000.0 16714516.528060105 16733248.042906877 918170.0924179419 903961.2310357381 0.0 0.0 6733968.080421236 6611793.358430711 8.668999910354614
24 20000.0 75000.0 4600000.0 16708032.928895695 16730566.499646427 911686.4932547624 901279.6877754619 0.0 0.0 6733968.080421236 6611793.358430711 10.009000062942505
25 40000.0 75000.0 3600000.0 13011181.561889742 13131149.220653826 938164.9969031352 935912.5207799957 3010638.209766237 2977743.246436548 10457297.951076578 10245843.470425792 8.3989999294281
26 40000.0 75000.0 3850000.0 13004951.649977373 13118511.778067075 931935.0849920593 926040.1344707446 3010638.209766237 2974978.1901585115 10457297.951076578 10248608.526703697 6.199000120162964
27 40000.0 75000.0 4100000.0 12999509.11165627 13110438.967398385 926492.5466708048 917969.81915445 3010638.209766237 2974975.694808522 10457297.951076578 10248611.022053773 6.385999917984009
28 40000.0 75000.0 4350000.0 12995037.301928 13107270.687774569 922020.7369419056 914800.4764259665 3010638.209766237 2974976.7579062846 10457297.951076578 10248609.958956344 6.361999988555908
29 40000.0 75000.0 4600000.0 12992854.275155906 13106197.09684355 919837.7101683369 913724.8872259826 3010638.209766237 2974978.756176321 10457297.951076578 10248607.960686307 6.361999988555908
30 60000.0 75000.0 3600000.0 11177828.837460622 11886431.907745421 924867.2009509351 924214.6099591012 7924551.36171202 8356517.202768315 12277352.879552178 11478862.872524561 6.5909998416900635
31 60000.0 75000.0 3850000.0 11172933.07150039 11878632.147606522 919971.4349917602 916407.4955394103 7924551.36171202 8356524.557054777 12277352.879552178 11478855.518238723 7.408999919891357
32 60000.0 75000.0 4100000.0 11169936.925297087 11872136.38906203 916975.2887881371 909885.979349244 7924551.36171202 8356550.3147046175 12277352.879552178 11478829.760590412 6.877000093460083
33 60000.0 75000.0 4350000.0 11168045.1950497 11870075.891495092 915083.5585407336 907851.3408070423 7924551.36171202 8356524.455676371 12277352.879552178 11478855.619616728 7.110000133514404
34 60000.0 75000.0 4600000.0 11166387.476091474 11869117.062938986 913425.8395829116 906890.4168706795 7924551.36171202 8356526.551060771 12277352.879552178 11478853.52423326 7.671000003814697
35 80000.0 75000.0 3600000.0 9884990.89350674 11050916.80627873 915229.1709296823 911087.0055213402 13375319.528203664 14145923.064180156 13560552.79348106 12301250.369542269 9.02999997138977
36 80000.0 75000.0 3850000.0 9882161.85214294 11044388.293903 912400.1295660993 904557.3864420768 13375319.528203664 14145924.170897504 13560552.79348106 12301249.262826739 6.059000015258789
37 80000.0 75000.0 4100000.0 9880375.796248123 11041355.379262624 910614.073671583 901527.618515189 13375319.528203664 14145921.024188023 13560552.79348106 12301252.409537466 9.553999900817871
38 80000.0 75000.0 4350000.0 9878814.222477587 11040410.944992855 909052.499901102 900590.2709014787 13375319.528203664 14145913.93752033 13560552.79348106 12301259.496201826 6.921000003814697
39 80000.0 75000.0 4600000.0 9877453.835995076 11039842.666021502 907692.1134182368 900014.7960907235 13375319.528203664 14145921.133349229 13560552.79348106 12301252.300373118 8.05299997329712
40 20000.0 100000.0 3600000.0 16916857.02339592 16943928.633531526 1120510.5877544046 1114641.8216606956 0.0 0.0 6733968.080421236 6611793.358430711 6.635999917984009
41 20000.0 100000.0 3850000.0 16905751.012679726 16930146.923203196 1109404.57703877 1100860.1113329448 0.0 0.0 6733968.080421236 6611793.358430711 6.49399995803833
42 20000.0 100000.0 4100000.0 16897919.992521748 16919255.165038366 1101573.556882179 1089968.3531681236 0.0 0.0 6733968.080421236 6611793.358430711 7.631999969482422
43 20000.0 100000.0 4350000.0 16891104.470962238 16910037.319196835 1094758.0353217414 1080750.5073218874 0.0 0.0 6733968.080421236 6611793.358430711 9.710000038146973
44 20000.0 100000.0 4600000.0 16885090.14739283 16907582.56543515 1088743.711754062 1078295.7535525772 0.0 0.0 6733968.080421236 6611793.358430711 6.023000001907349
45 40000.0 100000.0 3600000.0 11968222.640384307 12066019.99976069 1134788.5434371226 1129567.4418261356 1771055.7417248832 1718959.1044985428 11696880.419118332 11504627.612363739 7.933000087738037
46 40000.0 100000.0 3850000.0 11963713.620577913 12059883.358601306 1130279.5236317043 1123432.339117161 1771055.7417248832 1718957.5660478931 11696880.419118332 11504629.1508147 8.57699990272522
47 40000.0 100000.0 4100000.0 11959775.39540514 12054039.953868004 1126341.2984588658 1117589.2531987191 1771055.7417248832 1718957.2472315514 11696880.419118332 11504629.469631195 7.45799994468689
48 40000.0 100000.0 4350000.0 11956408.159510292 12051035.195502358 1122974.0625637057 1114586.1353256411 1771055.7417248832 1718955.606732846 11696880.419118332 11504631.110129574 8.746999979019165
49 40000.0 100000.0 4600000.0 11954924.51974018 12050123.377171677 1121490.422794401 1113670.685298582 1771055.7417248832 1718959.2384269016 11696880.419118332 11504627.478435379 8.614000082015991
50 60000.0 100000.0 3600000.0 10113583.116880018 10824442.99702246 1119444.3638622146 1117089.3200544254 6665728.478216697 7101653.581953805 13536175.763047313 12733726.493338525 12.499000072479248
51 60000.0 100000.0 3850000.0 10110091.843874 10818628.953598058 1115953.0908581968 1111288.8176890484 6665728.478216697 7101640.040895865 13536175.763047313 12733740.0343968 8.325999975204468
52 60000.0 100000.0 4100000.0 10107981.333933596 10813012.29340387 1113842.5809170608 1105639.5428348586 6665728.478216697 7101672.655556404 13536175.763047313 12733707.419738216 7.098999977111816
53 60000.0 100000.0 4350000.0 10106787.662383767 10810855.47104179 1112648.9093675807 1103508.582503402 6665728.478216697 7101646.793515401 13536175.763047313 12733733.281778604 8.709999799728394
54 60000.0 100000.0 4600000.0 10105748.71579409 10809964.927706117 1111609.9627773915 1102617.3053549093 6665728.478216697 7101647.527324385 13536175.763047313 12733732.54796866 10.334999799728394
55 80000.0 100000.0 3600000.0 8816835.838206079 9972853.619847404 1110392.7454685909 1104866.0035872161 12112000.89836377 12874080.87968805 14823871.423321364 13573092.554036437 8.345999956130981
56 80000.0 100000.0 3850000.0 8814912.70583274 9967233.355100144 1108469.6130966144 1099246.0160644336 12112000.89836377 12874080.602454778 14823871.423321364 13573092.831268577 9.002000093460083
57 80000.0 100000.0 4100000.0 8813826.596138176 9964273.2328155 1107383.5034013428 1096285.9588509675 12112000.89836377 12874080.537388332 14823871.423321364 13573092.896334762 7.690999984741211
58 80000.0 100000.0 4350000.0 8812883.430199016 9963783.038307332 1106440.3374622066 1095793.147230649 12112000.89836377 12874083.154490573 14823871.423321364 13573090.279233284 9.656000137329102
59 80000.0 100000.0 4600000.0 8812069.259839317 9963649.22257151 1105626.1671020759 1095654.5991251627 12112000.89836377 12874087.88686272 14823871.423321364 13573085.546861915 6.348999977111816
60 20000.0 125000.0 3600000.0 17079087.392741144 17106055.447325792 1282740.9570999786 1276768.6354582333 0.0 0.0 6733968.080421236 6611793.358430711 7.236000061035156
61 20000.0 125000.0 3850000.0 17068396.30532876 17092787.060783032 1272049.8696881905 1263500.2489142164 0.0 0.0 6733968.080421236 6611793.358430711 8.115000009536743
62 20000.0 125000.0 4100000.0 17060982.734222043 17082645.32731019 1264636.2985831425 1253358.5154418065 0.0 0.0 6733968.080421236 6611793.358430711 8.5
63 20000.0 125000.0 4350000.0 17054525.562438242 17073435.730959006 1258179.12679761 1244148.9190912615 0.0 0.0 6733968.080421236 6611793.358430711 6.680999994277954
64 20000.0 125000.0 4600000.0 17048834.185390234 17071138.85030846 1252487.7497516617 1241852.0384400373 0.0 0.0 6733968.080421236 6611793.358430711 6.553000211715698
65 40000.0 125000.0 3600000.0 10918099.56935001 11000112.295820965 1321258.8149009892 1312475.6292395827 534462.39922654 470143.2131374262 12933473.761616165 12753443.503724622 6.622999906539917
66 40000.0 125000.0 3850000.0 10914860.523922857 10994774.147405101 1318019.7694743949 1307137.3567157988 534462.39922654 470143.3372499277 12933473.761616165 12753443.379612274 6.375999927520752
67 40000.0 125000.0 4100000.0 10912033.53489301 10989610.42250874 1315192.7804456016 1301975.1733052272 534462.39922654 470141.795766065 12933473.761616165 12753444.921096599 6.61899995803833
68 40000.0 125000.0 4350000.0 10909573.33966669 10987139.30666578 1312732.585218712 1299506.3722807388 534462.39922654 470139.4809381317 12933473.761616165 12753447.235924294 6.648999929428101
69 40000.0 125000.0 4600000.0 10908525.127930516 10986644.76903475 1311684.3734838795 1299011.5173948584 534462.39922654 470139.798197235 12933473.761616165 12753446.918665886 6.450000047683716
70 60000.0 125000.0 3600000.0 9043713.278936306 9756160.206642222 1301942.7488494941 1300286.2604823136 5413360.255281735 5850173.851147001 14788543.985982932 13985206.224146321 6.263000011444092
71 60000.0 125000.0 3850000.0 9041275.039937453 9751196.154198937 1299504.509852805 1295319.7646533395 5413360.255281735 5850176.294534972 14788543.985982932 13985203.780758375 6.233000040054321
72 60000.0 125000.0 4100000.0 9039804.63735186 9747693.087322857 1298034.1072674468 1291793.465783466 5413360.255281735 5850199.526523604 14788543.985982932 13985180.54877028 6.205000162124634
73 60000.0 125000.0 4350000.0 9039086.14362512 9746022.545993043 1297315.613539399 1290143.1361453347 5413360.255281735 5850179.314828846 14788543.985982932 13985200.760463886 6.079999923706055
74 60000.0 125000.0 4600000.0 9038468.400781337 9745480.403396389 1296697.870696064 1289603.1844400908 5413360.255281735 5850177.123945412 14788543.985982932 13985202.951348051 6.0279998779296875
75 80000.0 125000.0 3600000.0 7743291.793046667 8889193.479318485 1292432.131283506 1284158.724180633 10856417.46738251 11611128.018565668 16079454.85430114 14836045.415159686 6.050999879837036
76 80000.0 125000.0 3850000.0 7742030.960863632 8885718.496010864 1291171.29833199 1280678.5658950903 10856417.468150977 11611133.193541642 16079454.853532664 14836040.240182556 6.175000190734863
77 80000.0 125000.0 4100000.0 7741405.680823271 8883643.258372497 1290546.018292737 1278579.489234096 10856417.468150977 11611157.032552822 16079454.853532664 14836016.401172655 6.0329999923706055
78 80000.0 125000.0 4350000.0 7740872.769040685 8883208.797858384 1290013.1065098008 1278174.461847375 10856417.468150977 11611127.59943445 16079454.853532664 14836045.834290028 6.01200008392334
79 80000.0 125000.0 4600000.0 7740420.480863705 8883110.193107361 1289560.8183322155 1278077.0338404395 10856417.468150977 11611126.422693178 16079454.853532664 14836047.011030987 6.045000076293945
