 A V P E_backup_full E_backup_repr E_loss_stor_full E_loss_stor_repr E_curt_full E_curt_repr E_sol_full E_sol_repr t_repr
0 20000.0 50000.0 3600000.0         5.184000015258789
1 20000.0 50000.0 3850000.0         6.7170000076293945
2 20000.0 50000.0 4100000.0  16757405.016220955  716569.93340425  159607.02705768  6398057.631269465 7.559000015258789
3 20000.0 50000.0 4350000.0 16592380.836997658 16748893.59566884 720636.8058188369 708059.0318152736 75397.595537396 159606.50809136 6658570.484883834 6398058.150235666 6.422999858856201
4 20000.0 50000.0 4600000.0 16585038.744825438 16745456.910426749 713294.7136478272 704620.6908741812 75397.595537396 159608.16378776 6658570.484883834 6398056.494539362 6.185999870300293
5 40000.0 50000.0 3600000.0         5.1540000438690186
6 40000.0 50000.0 3850000.0  14028114.907240562  706885.7893175738  3997665.7204670687  9117663.596185423 6.403000116348267
7 40000.0 50000.0 4100000.0 14027214.641901145 14019669.922518708 709087.3188457013 698428.5265380742 4255748.9678347325 3997677.9985246644 9212187.19300798 9117651.31812968 6.215000152587891
8 40000.0 50000.0 4350000.0 14021212.744126163 14014048.094507204 703085.4210683812 692823.596926656 4255748.9678347325 3997661.100121629 9212187.19300798 9117668.216531118 6.141999959945679
9 40000.0 50000.0 4600000.0 14017958.597951574 14011716.839839742 699831.2748941265 690475.5643813605 4255748.9678347325 3997677.8779957048 9212187.19300798 9117651.438659078 5.977999925613403
10 60000.0 50000.0 3600000.0         5.104000091552734
11 60000.0 50000.0 3850000.0 12226730.50313483 11913443.303820346 704325.326430931 705158.2610927516 9193994.901906958 8442386.303600924 11007909.339356776 11230607.671376681 6.383999824523926
12 60000.0 50000.0 4100000.0 12222459.576220773 11905216.95964763 700054.3995160435 696887.9032376767 9193994.901906958 8442430.317283412 11007909.339356776 11230563.657696081 5.933000087738037
13 60000.0 50000.0 4350000.0 12219501.072566815 11901812.59795532 697095.8958600254 693505.4792424064 9193994.901906958 8442408.379581848 11007909.339356776 11230585.595395496 6.307999849319458
14 60000.0 50000.0 4600000.0 12216898.182801396 11899574.279961588 694493.0060953507 691245.9424728956 9193994.901906958 8442429.598364033 11007909.339356776 11230564.376617378 6.028000116348267
15 80000.0 50000.0 3600000.0  10649143.314093549  708239.75018072  13732669.483108383  12497989.150198027 6.00600004196167
16 80000.0 50000.0 3850000.0 10940857.160636373 10640997.12574003 696920.0748667055 700103.1181476023 14649494.891399235 13732659.926789232 12286377.430286905 12497998.706515951 6.115999937057495
17 80000.0 50000.0 4100000.0 10937984.567826312 10635667.6441694 694047.4820560425 694785.4557732012 14649494.891399235 13732648.107583104 12286377.430286905 12498010.52572543 6.069000005722046
18 80000.0 50000.0 4350000.0 10935465.780757817 10633463.13744253 691528.694986766 692568.6220763895 14649494.891399235 13732660.434556011 12286377.430286905 12497998.19875131 5.885999917984009
19 80000.0 50000.0 4600000.0 10933258.05341923 10631320.984762505 689320.9232587955 690398.6561791496 14649494.935789015 13732688.247769754 12286377.385897128 12497970.385536423 6.023999929428101
20 20000.0 75000.0 3600000.0         6.72599983215332
21 20000.0 75000.0 3850000.0 16730294.266034873 16806048.854939982 933947.8303922749 924820.7991663957 0.0 0.0 6733968.080421236 6557664.658327186 6.2179999351501465
22 20000.0 75000.0 4100000.0 16721854.474449845 16796462.459588878 925508.0388079395 915234.4038151894 0.0 0.0 6733968.080421236 6557664.658327186 5.447999954223633
23 20000.0 75000.0 4350000.0 16714516.528060105 16789039.793750715 918170.0924179419 907811.7379738656 0.0 0.0 6733968.080421236 6557664.658327186 5.421000003814697
24 20000.0 75000.0 4600000.0 16708032.928895695 16785525.335557204 911686.4932547624 904297.2797742042 0.0 0.0 6733968.080421236 6557664.658327186 5.684999942779541
25 40000.0 75000.0 3600000.0 13011181.561889742 13025417.437673545 938164.9969031352 929345.4946618995 3010638.209766237 2772508.5455685025 10457297.951076578 10342820.771085383 5.43500018119812
26 40000.0 75000.0 3850000.0 13004951.649977373 13018102.988912705 931935.0849920593 922033.6168693285 3010638.209766237 2772505.974598159 10457297.951076578 10342823.342056815 5.747999906539917
27 40000.0 75000.0 4100000.0 12999509.11165627 13010938.146426274 926492.5466708048 914860.1304257202 3010638.209766237 2772514.618561439 10457297.951076578 10342814.698093422 5.5929999351501465
28 40000.0 75000.0 4350000.0 12995037.301928 13005696.853372945 922020.7369419056 909629.1410642532 3010638.209766237 2772504.314853543 10457297.951076578 10342825.001800152 6.356000185012817
29 40000.0 75000.0 4600000.0 12992854.275155906 13003734.018255962 919837.7101683369 907656.0349394558 3010638.209766237 2772514.5858623195 10457297.951076578 10342814.730791477 5.588000059127808
30 60000.0 75000.0 3600000.0 11177828.837460622 10867359.197927969 924867.2009509351 920188.5688062162 7924551.36171202 7181271.88999514 12277352.879552178 12491722.084983824 5.452000141143799
31 60000.0 75000.0 3850000.0 11172933.07150039 10860243.58830754 919971.4349917602 913065.6898402544 7924551.36171202 7181279.159345687 12277352.879552178 12491714.815632775 5.4029998779296875
32 60000.0 75000.0 4100000.0 11169936.925297087 10853252.86663153 916975.2887881371 906063.069445363 7924551.36171202 7181291.058063344 12277352.879552178 12491702.91691547 5.824000120162964
33 60000.0 75000.0 4350000.0 11168045.1950497 10849902.324601782 915083.5585407336 902726.1910052435 7924551.36171202 7181277.394462443 12277352.879552178 12491716.580517456 5.741000175476074
34 60000.0 75000.0 4600000.0 11166387.476091474 10848011.876544135 913425.8395829116 900821.745370265 7924551.36171202 7181291.392046324 12277352.879552178 12491702.58293491 5.052999973297119
35 80000.0 75000.0 3600000.0 9884990.89350674 9583550.89462701 915229.1709296823 915864.5683474147 13375319.528203664 12459452.245481752 13560552.79348106 13771206.387828432 7.538000106811523
36 80000.0 75000.0 3850000.0 9882161.85214294 9576634.57137681 912400.1295660993 908959.9452453823 13375319.528203664 12459440.545328222 13560552.79348106 13771218.087979883 5.572000026702881
37 80000.0 75000.0 4100000.0 9880375.796248123 9571590.6304431 910614.073671583 903915.8455024834 13375319.528203664 12459440.704123152 13560552.79348106 13771217.929185899 5.485999822616577
38 80000.0 75000.0 4350000.0 9878814.222477587 9570569.74352558 909052.499901102 902895.1584897307 13375319.528203664 12459440.504225705 13560552.79348106 13771218.129081547 5.791999816894531
39 80000.0 75000.0 4600000.0 9877453.835995076 9569977.356969006 907692.1134182368 902266.4200877515 13375319.528203664 12459476.856064204 13560552.79348106 13771181.777242424 5.431999921798706
40 20000.0 100000.0 3600000.0 16916857.02339592 16995759.077094827 1120510.5877544046 1114531.021324561 0.0 0.0 6733968.080421236 6557664.658327186 5.466000080108643
41 20000.0 100000.0 3850000.0 16905751.012679726 16982574.97976608 1109404.57703877 1101346.923992624 0.0 0.0 6733968.080421236 6557664.658327186 6.312000036239624
42 20000.0 100000.0 4100000.0 16897919.992521748 16973001.330394965 1101573.556882179 1091773.2746236266 0.0 0.0 6733968.080421236 6557664.658327186 7.453000068664551
43 20000.0 100000.0 4350000.0 16891104.470962238 16966240.926280696 1094758.0353217414 1085012.870510217 0.0 0.0 6733968.080421236 6557664.658327186 6.585999965667725
44 20000.0 100000.0 4600000.0 16885090.14739283 16962616.18536183 1088743.711754062 1081388.1295860137 0.0 0.0 6733968.080421236 6557664.658327186 8.156000137329102
45 40000.0 100000.0 3600000.0 11968222.640384307 11999423.747019831 1134788.5434371226 1123547.845515232 1771055.7417248832 1552312.50405936 11696880.419118332 11563016.81259336 6.0899999141693115
46 40000.0 100000.0 3850000.0 11963713.620577913 11992976.970058281 1130279.5236317043 1117105.1967757952 1771055.7417248832 1552308.3758342038 11696880.419118332 11563020.940817842 5.161999940872192
47 40000.0 100000.0 4100000.0 11959775.39540514 11986642.157106709 1126341.2984588658 1110766.9539385715 1771055.7417248832 1552311.805718456 11696880.419118332 11563017.510933688 6.373999834060669
48 40000.0 100000.0 4350000.0 11956408.159510292 11981625.520684235 1122974.0625637057 1105754.19473655 1771055.7417248832 1552307.92850232 11696880.419118332 11563021.388151206 6.082000017166138
49 40000.0 100000.0 4600000.0 11954924.51974018 11979895.181520488 1121490.422794401 1104019.1009371078 1771055.7417248832 1552312.68313376 11696880.419118332 11563016.633519303 6.367000102996826
50 60000.0 100000.0 3600000.0 10113583.116880018 9802743.26949527 1119444.3638622146 1109567.6110577518 6665728.478216697 5927276.919310573 13536175.763047313 13745717.055667581 5.579999923706055
51 60000.0 100000.0 3850000.0 10110091.843874 9796459.714918373 1115953.0908581968 1103286.1120484718 6665728.478216697 5927274.8637493085 13536175.763047313 13745719.111229826 5.925999879837036
52 60000.0 100000.0 4100000.0 10107981.333933596 9790504.92210901 1113842.5809170608 1097311.8837682893 6665728.478216697 5927294.299218135 13536175.763047313 13745699.6757616 7.234999895095825
53 60000.0 100000.0 4350000.0 10106787.662383767 9788997.611703852 1112648.9093675807 1095823.4284619612 6665728.478216697 5927275.444115532 13536175.763047313 13745718.53086197 6.505000114440918
54 60000.0 100000.0 4600000.0 10105748.71579409 9788443.106204327 1111609.9627773915 1095248.3340617628 6665728.478216697 5927296.033020673 13536175.763047313 13745697.9419588 6.085999965667725
55 80000.0 100000.0 3600000.0 8816835.838206079 8508799.890071671 1110392.7454685909 1102446.0668934921 12112000.89836377 11198119.742378099 14823871.423321364 15032538.89092932 6.019999980926514
56 80000.0 100000.0 3850000.0 8814912.70583274 8505559.1544167 1108469.6130966144 1099191.9842753506 12112000.89836377 11198133.089338051 14823871.423321364 15032525.543970793 6.331000089645386
57 80000.0 100000.0 4100000.0 8813826.596138176 8503254.37508852 1107383.5034013428 1096891.8219720935 12112000.89836377 11198128.472308818 14823871.423321364 15032530.161000758 5.7820000648498535
58 80000.0 100000.0 4350000.0 8812883.430199016 8502722.33413642 1106440.3374622066 1096360.86748952 12112000.89836377 11198127.385841848 14823871.423321364 15032531.247465122 5.968999862670898
59 80000.0 100000.0 4600000.0 8812069.259839317 8502232.265364079 1105626.1671020759 1095835.2137083332 12112000.89836377 11198162.970854385 14823871.423321364 15032495.662455626 6.619000196456909
60 20000.0 125000.0 3600000.0 17079087.392741144 17158190.388824232 1282740.9570999786 1276962.3330625528 0.0 0.0 6733968.080421236 6557664.658327186 6.129999876022339
61 20000.0 125000.0 3850000.0 17068396.30532876 17145938.389338236 1272049.8696881905 1264710.3335748927 0.0 0.0 6733968.080421236 6557664.658327186 7.8490002155303955
62 20000.0 125000.0 4100000.0 17060982.734222043 17136305.773406956 1264636.2985831425 1255077.7176429557 0.0 0.0 6733968.080421236 6557664.658327186 5.796999931335449
63 20000.0 125000.0 4350000.0 17054525.562438242 17130014.59894281 1258179.12679761 1248786.5431764585 0.0 0.0 6733968.080421236 6557664.658327186 5.786999940872192
64 20000.0 125000.0 4600000.0 17048834.185390234 17126279.475619487 1252487.7497516617 1245051.419848502 0.0 0.0 6733968.080421236 6557664.658327186 6.184999942779541
65 40000.0 125000.0 3600000.0 10918099.56935001 10963774.128712667 1321258.8149009892 1302918.50117826 534462.39922654 337292.23008313595 12933473.761616165 12778037.086569726 6.648000001907349
66 40000.0 125000.0 3850000.0 10914860.523922857 10957955.834151695 1318019.7694743949 1297103.2993853635 534462.39922654 337289.13731719996 12933473.761616165 12778040.179335408 6.075999975204468
67 40000.0 125000.0 4100000.0 10912033.53489301 10952866.253724687 1315192.7804456016 1292010.6507998747 534462.39922654 337292.205475296 12933473.761616165 12778037.111177942 5.266999959945679
68 40000.0 125000.0 4350000.0 10909573.33966669 10950510.921681065 1312732.585218712 1289659.3343269355 534462.39922654 337288.18989976 12933473.761616165 12778041.12675383 6.305000066757202
69 40000.0 125000.0 4600000.0 10908525.127930516 10949980.353929311 1311684.3734838795 1289124.7263981963 534462.39922654 337292.23008313595 12933473.761616165 12778037.086569726 7.93500018119812
70 60000.0 125000.0 3600000.0 9043713.278936306 8731084.73978899 1301942.7488494941 1289509.1756481356 5413360.255281735 4675676.825025546 14788543.985982932 14997317.149953054 6.085999965667725
71 60000.0 125000.0 3850000.0 9041275.039937453 8727995.917299408 1299504.509852805 1286419.1774375224 5413360.255281735 4675678.000745222 14788543.985982932 14997315.974234052 6.449000120162964
72 60000.0 125000.0 4100000.0 9039804.63735186 8725278.679933498 1298034.1072674468 1283686.882111201 5413360.255281735 4675693.05869824 14788543.985982932 14997300.916281115 6.427000045776367
73 60000.0 125000.0 4350000.0 9039086.14362512 8723801.524933098 1297315.613539399 1282222.1272677705 5413360.255281735 4675680.658544191 14788543.985982932 14997313.316433934 6.401000022888184
74 60000.0 125000.0 4600000.0 9038468.400781337 8723328.344612949 1296697.870696064 1281736.5638587496 5413360.255281735 4675693.041635389 14788543.985982932 14997300.933343248 6.648999929428101
75 80000.0 125000.0 3600000.0 7743291.793046667 7432773.222989701 1292432.131283506 1279998.571437808 10856417.46738251 9944540.570747625 16079454.85430114 16286118.06256257 6.879000186920166
76 80000.0 125000.0 3850000.0 7742030.960863632 7430145.09222755 1291171.29833199 1277372.8391385523 10856417.468150977 9944538.17228476 16079454.853532664 16286120.461024033 5.931999921798706
77 80000.0 125000.0 4100000.0 7741405.680823271 7427955.7207403695 1290546.018292737 1275182.7277590306 10856417.468150977 9944538.912175 16079454.853532664 16286119.721135722 5.552999973297119
78 80000.0 125000.0 4350000.0 7740872.769040685 7427489.91501105 1290013.1065098008 1274716.2784019741 10856417.468150977 9944539.55580641 16079454.853532664 16286119.077503383 5.541000127792358
79 80000.0 125000.0 4600000.0 7740420.480863705 7427062.408564181 1289560.8183322155 1274269.3654800686 10856417.468150977 9944558.962280655 16079454.853532664 16286099.67102813 7.418999910354614
