 A V P E_backup_full E_backup_repr E_loss_stor_full E_loss_stor_repr E_curt_full E_curt_repr E_sol_full E_sol_repr t_repr t_full
0 20000.0 50000.0 3600000.0          23.187000036239624
1 20000.0 50000.0 3850000.0          25.30399990081787
2 20000.0 50000.0 4100000.0          23.776999950408936
3 20000.0 50000.0 4350000.0 16592380.836997658  720636.8058188368  75397.595537396  6658570.484883834   30.256999969482422
4 20000.0 50000.0 4600000.0 16585038.744825438  713294.7136478272  75397.595537396  6658570.484883834   25.324999809265137
5 40000.0 50000.0 3600000.0          22.996999979019165
6 40000.0 50000.0 3850000.0          23.882999897003174
7 40000.0 50000.0 4100000.0 14027214.641901145  709087.3188457012  4255748.9678347325  9212187.19300798   26.263000011444092
8 40000.0 50000.0 4350000.0 14021212.744126162  703085.4210683812  4255748.9678347325  9212187.19300798   26.926000118255615
9 40000.0 50000.0 4600000.0 14017958.597951574  699831.2748941265  4255748.9678347325  9212187.19300798   25.10700011253357
10 60000.0 50000.0 3600000.0          22.43499994277954
11 60000.0 50000.0 3850000.0 12226730.50313483  704325.326430931  9193994.901906958  11007909.339356776   26.051999807357788
12 60000.0 50000.0 4100000.0 12222459.576220773  700054.3995160435  9193994.901906958  11007909.339356776   25.256999969482422
13 60000.0 50000.0 4350000.0 12219501.072566815  697095.8958600254  9193994.901906958  11007909.339356776   26.18400001525879
14 60000.0 50000.0 4600000.0 12216898.182801394  694493.0060953507  9193994.901906958  11007909.339356776   26.90399980545044
15 80000.0 50000.0 3600000.0          24.825999975204468
16 80000.0 50000.0 3850000.0 10940857.160636371  696920.0748667055  14649494.891399236  12286377.430286905   27.794999837875366
17 80000.0 50000.0 4100000.0 10937984.567826312  694047.4820560425  14649494.891399236  12286377.430286905   28.283999919891357
18 80000.0 50000.0 4350000.0 10935465.780757817  691528.694986766  14649494.891399236  12286377.430286905   26.098000049591064
19 80000.0 50000.0 4600000.0 10933258.05341923  689320.9232587955  14649494.935789017  12286377.385897128   26.119999885559082
20 20000.0 75000.0 3600000.0          24.795000076293945
21 20000.0 75000.0 3850000.0 16730294.266034871  933947.8303922747  0.0  6733968.080421236   28.95899987220764
22 20000.0 75000.0 4100000.0 16721854.474449843  925508.0388079395  0.0  6733968.080421236   28.868000030517578
23 20000.0 75000.0 4350000.0 16714516.528060105  918170.0924179418  0.0  6733968.080421236   37.156999826431274
24 20000.0 75000.0 4600000.0 16708032.928895697  911686.4932547625  0.0  6733968.080421236   29.763000011444092
25 40000.0 75000.0 3600000.0 13011181.561889742  938164.9969031353  3010638.209766237  10457297.951076578   29.838000059127808
26 40000.0 75000.0 3850000.0 13004951.649977371  931935.0849920592  3010638.209766237  10457297.951076578   25.25599980354309
27 40000.0 75000.0 4100000.0 12999509.11165627  926492.5466708048  3010638.209766237  10457297.951076578   27.54200005531311
28 40000.0 75000.0 4350000.0 12995037.301927999  922020.7369419055  3010638.209766237  10457297.951076578   29.158999919891357
29 40000.0 75000.0 4600000.0 12992854.275155904  919837.7101683368  3010638.209766237  10457297.951076578   31.055999994277954
30 60000.0 75000.0 3600000.0 11177828.837460622  924867.2009509351  7924551.36171202  12277352.879552178   31.950000047683716
31 60000.0 75000.0 3850000.0 11172933.07150039  919971.4349917602  7924551.36171202  12277352.879552178   26.983999967575073
32 60000.0 75000.0 4100000.0 11169936.925297089  916975.2887881373  7924551.36171202  12277352.879552178   27.326000213623047
33 60000.0 75000.0 4350000.0 11168045.195049701  915083.5585407336  7924551.36171202  12277352.879552178   28.5530002117157
34 60000.0 75000.0 4600000.0 11166387.476091474  913425.8395829116  7924551.36171202  12277352.879552178   26.348999977111816
35 80000.0 75000.0 3600000.0 9884990.893506741  915229.1709296823  13375319.528203664  13560552.79348106   28.058000087738037
36 80000.0 75000.0 3850000.0 9882161.852142941  912400.1295660991  13375319.528203664  13560552.79348106   27.35199999809265
37 80000.0 75000.0 4100000.0 9880375.796248123  910614.073671583  13375319.528203664  13560552.79348106   31.296000003814697
38 80000.0 75000.0 4350000.0 9878814.222477587  909052.499901102  13375319.528203664  13560552.79348106   26.280999898910522
39 80000.0 75000.0 4600000.0 9877453.835995076  907692.1134182367  13375319.528203664  13560552.79348106   26.930999994277954
40 20000.0 100000.0 3600000.0 16916857.02339592  1120510.5877544046  0.0  6733968.080421236   26.506999969482422
41 20000.0 100000.0 3850000.0 16905751.012679726  1109404.57703877  0.0  6733968.080421236   26.424999952316284
42 20000.0 100000.0 4100000.0 16897919.992521748  1101573.556882179  0.0  6733968.080421236   27.111999988555908
43 20000.0 100000.0 4350000.0 16891104.470962238  1094758.0353217414  0.0  6733968.080421236   26.932000160217285
44 20000.0 100000.0 4600000.0 16885090.14739283  1088743.711754062  0.0  6733968.080421236   26.06599998474121
45 40000.0 100000.0 3600000.0 11968222.640384309  1134788.5434371226  1771055.741724883  11696880.419118332   27.61400008201599
46 40000.0 100000.0 3850000.0 11963713.620577913  1130279.5236317045  1771055.741724883  11696880.419118332   33.58099985122681
47 40000.0 100000.0 4100000.0 11959775.39540514  1126341.298458866  1771055.741724883  11696880.419118332   28.360000133514404
48 40000.0 100000.0 4350000.0 11956408.159510292  1122974.0625637057  1771055.741724883  11696880.419118332   29.241999864578247
49 40000.0 100000.0 4600000.0 11954924.519740181  1121490.422794401  1771055.741724883  11696880.419118332   27.460999965667725
50 60000.0 100000.0 3600000.0 10113583.116880018  1119444.3638622146  6665728.478216697  13536175.763047313   28.24399995803833
51 60000.0 100000.0 3850000.0 10110091.843874  1115953.0908581968  6665728.478216697  13536175.763047313   29.164999961853027
52 60000.0 100000.0 4100000.0 10107981.333933597  1113842.5809170608  6665728.478216697  13536175.763047313   28.26699995994568
53 60000.0 100000.0 4350000.0 10106787.662383767  1112648.9093675807  6665728.478216697  13536175.763047313   27.863999843597412
54 60000.0 100000.0 4600000.0 10105748.71579409  1111609.9627773915  6665728.478216697  13536175.763047313   29.151999950408936
55 80000.0 100000.0 3600000.0 8816835.838206079  1110392.7454685909  12112000.89836377  14823871.423321363   28.18999981880188
56 80000.0 100000.0 3850000.0 8814912.70583274  1108469.6130966144  12112000.89836377  14823871.423321363   29.206000089645386
57 80000.0 100000.0 4100000.0 8813826.596138176  1107383.5034013428  12112000.89836377  14823871.423321363   29.50499987602234
58 80000.0 100000.0 4350000.0 8812883.430199016  1106440.3374622066  12112000.89836377  14823871.423321363   29.51800012588501
59 80000.0 100000.0 4600000.0 8812069.259839317  1105626.167102076  12112000.89836377  14823871.423321363   29.08400011062622
60 20000.0 125000.0 3600000.0 17079087.392741144  1282740.9570999786  0.0  6733968.080421236   29.131999969482422
61 20000.0 125000.0 3850000.0 17068396.30532876  1272049.8696881905  0.0  6733968.080421236   29.960000038146973
62 20000.0 125000.0 4100000.0 17060982.734222043  1264636.2985831425  0.0  6733968.080421236   28.943000078201294
63 20000.0 125000.0 4350000.0 17054525.562438242  1258179.12679761  0.0  6733968.080421236   28.371000051498413
64 20000.0 125000.0 4600000.0 17048834.185390234  1252487.7497516617  0.0  6733968.080421236   32.31099987030029
65 40000.0 125000.0 3600000.0 10918099.56935001  1321258.8149009892  534462.39922654  12933473.761616165   31.83299994468689
66 40000.0 125000.0 3850000.0 10914860.523922855  1318019.7694743949  534462.39922654  12933473.761616165   28.354999780654907
67 40000.0 125000.0 4100000.0 10912033.53489301  1315192.7804456016  534462.39922654  12933473.761616165   28.344000101089478
68 40000.0 125000.0 4350000.0 10909573.33966669  1312732.585218712  534462.39922654  12933473.761616165   27.882999897003174
69 40000.0 125000.0 4600000.0 10908525.127930515  1311684.3734838795  534462.39922654  12933473.761616165   27.505000114440918
70 60000.0 125000.0 3600000.0 9043713.278936306  1301942.748849494  5413360.255281735  14788543.985982932   29.917999982833862
71 60000.0 125000.0 3850000.0 9041275.039937453  1299504.5098528047  5413360.255281735  14788543.985982932   29.752000093460083
72 60000.0 125000.0 4100000.0 9039804.637351861  1298034.1072674468  5413360.255281735  14788543.985982932   32.30000019073486
73 60000.0 125000.0 4350000.0 9039086.14362512  1297315.6135393993  5413360.255281735  14788543.985982932   31.57099986076355
74 60000.0 125000.0 4600000.0 9038468.400781337  1296697.8706960639  5413360.255281735  14788543.985982932   31.453999996185303
75 80000.0 125000.0 3600000.0 7743291.793046668  1292432.131283506  10856417.46738251  16079454.85430114   30.68399977684021
76 80000.0 125000.0 3850000.0 7742030.960863633  1291171.2983319901  10856417.468150977  16079454.853532663   32.35599994659424
77 80000.0 125000.0 4100000.0 7741405.680823271  1290546.0182927367  10856417.468150977  16079454.853532663   32.66499996185303
78 80000.0 125000.0 4350000.0 7740872.769040685  1290013.1065098008  10856417.468150977  16079454.853532663   29.782999992370605
79 80000.0 125000.0 4600000.0 7740420.480863705  1289560.8183322155  10856417.468150977  16079454.853532663   28.534000158309937
