 A V P E_repr E_full
0 20000.0 50000.0 3600000.0  
1 20000.0 50000.0 3850000.0  
2 20000.0 50000.0 4100000.0  
3 20000.0 50000.0 4350000.0  
4 20000.0 50000.0 4600000.0 22088242.660181463 21854538.057617407
5 40000.0 50000.0 3600000.0  
6 40000.0 50000.0 3850000.0  
7 40000.0 50000.0 4100000.0  
8 40000.0 50000.0 4350000.0  19302437.06376168
9 40000.0 50000.0 4600000.0 19689456.2815217 19292852.736871768
10 60000.0 50000.0 3600000.0  
11 60000.0 50000.0 3850000.0  
12 60000.0 50000.0 4100000.0  
13 60000.0 50000.0 4350000.0  17811136.186691366
14 60000.0 50000.0 4600000.0 18138140.69551685 17802734.210706
15 80000.0 50000.0 3600000.0  
16 80000.0 50000.0 3850000.0  
17 80000.0 50000.0 4100000.0  
18 80000.0 50000.0 4350000.0  16920610.382523663
19 80000.0 50000.0 4600000.0 17526863.161001 16912627.51586621
20 20000.0 75000.0 3600000.0  
21 20000.0 75000.0 3850000.0  
22 20000.0 75000.0 4100000.0 22335277.157607142 22088758.59971543
23 20000.0 75000.0 4350000.0 22316485.300491292 22076513.403140847
24 20000.0 75000.0 4600000.0 22299748.303161394 22065915.77019295
25 40000.0 75000.0 3600000.0  
26 40000.0 75000.0 3850000.0  19531371.59926638
27 40000.0 75000.0 4100000.0 19924777.092881944 19518951.31136528
28 40000.0 75000.0 4350000.0 19910503.154481776 19509275.863559186
29 40000.0 75000.0 4600000.0 19898146.990955632 19500730.7410772
30 60000.0 75000.0 3600000.0  
31 60000.0 75000.0 3850000.0  16966249.892479107
32 60000.0 75000.0 4100000.0 17524243.901464052 16957962.426905293
33 60000.0 75000.0 4350000.0 17514047.74136104 16950758.23037074
34 60000.0 75000.0 4600000.0 17506577.80075473 16944390.194861066
35 80000.0 75000.0 3600000.0  
36 80000.0 75000.0 3850000.0  15859253.481663207
37 80000.0 75000.0 4100000.0 16477380.001490878 15851705.451814318
38 80000.0 75000.0 4350000.0 16469802.664633533 15845125.83616458
39 80000.0 75000.0 4600000.0 16462430.76055629 15839309.789978268
40 20000.0 100000.0 3600000.0  22311826.77547999
41 20000.0 100000.0 3850000.0 22539698.281362828 22293054.39661361
42 20000.0 100000.0 4100000.0 22522262.543342642 22276630.065591466
43 20000.0 100000.0 4350000.0 22505199.944823883 22265283.95916933
44 20000.0 100000.0 4600000.0 22489553.120897956 22255530.447990745
45 40000.0 100000.0 3600000.0  19731678.402889587
46 40000.0 100000.0 3850000.0 20128246.40975219 19716679.070479285
47 40000.0 100000.0 4100000.0 20111067.74178454 19704926.256927256
48 40000.0 100000.0 4350000.0 20097373.28155348 19695960.87802665
49 40000.0 100000.0 4600000.0 20086095.628179662 19688051.42990029
50 60000.0 100000.0 3600000.0  17160635.38852426
51 60000.0 100000.0 3850000.0 17719814.82588398 17149153.601652633
52 60000.0 100000.0 4100000.0 17708322.876090463 17141456.835958913
53 60000.0 100000.0 4350000.0 17698418.788017683 17134761.45094862
54 60000.0 100000.0 4600000.0 17691614.0876361 17128851.52582024
55 80000.0 100000.0 3600000.0  14775611.335811595
56 80000.0 100000.0 3850000.0 15401756.305603048 14768072.244537732
57 80000.0 100000.0 4100000.0 15394817.116420256 14762443.383749845
58 80000.0 100000.0 4350000.0 15388118.082912574 14757537.561658433
59 80000.0 100000.0 4600000.0 15381596.932481345 14753211.619525725
60 20000.0 125000.0 3600000.0 22728032.901475053 22483473.690267336
61 20000.0 125000.0 3850000.0 22711420.286751293 22465827.15933031
62 20000.0 125000.0 4100000.0 22695241.93862748 22450376.191983704
63 20000.0 125000.0 4350000.0 22679395.060936816 22439437.189471044
64 20000.0 125000.0 4600000.0 22664486.456198536 22430277.183366746
65 40000.0 125000.0 3600000.0 20315836.4598945 19902517.763027184
66 40000.0 125000.0 3850000.0 20299484.463150524 19888372.675305746
67 40000.0 125000.0 4100000.0 20283523.785769694 19877055.54063746
68 40000.0 125000.0 4350000.0 20270188.331257664 19868578.389338206
69 40000.0 125000.0 4600000.0 20259672.54852078 19861108.601577826
70 60000.0 125000.0 3600000.0 17904465.762711804 17330141.017795995
71 60000.0 125000.0 3850000.0 17889868.666396666 17319227.80262841
72 60000.0 125000.0 4100000.0 17879147.090867717 17311797.601713426
73 60000.0 125000.0 4350000.0 17869394.11024503 17305450.94138355
74 60000.0 125000.0 4600000.0 17863060.603937987 17299856.474107206
75 80000.0 125000.0 3600000.0 15499140.154568603 14764806.106511075
76 80000.0 125000.0 3850000.0 15489236.735195033 14757684.85206728
77 80000.0 125000.0 4100000.0 15482789.825332547 14752508.58377735
78 80000.0 125000.0 4350000.0 15476556.183826927 14747993.050532933
79 80000.0 125000.0 4600000.0 15470499.299263746 14744017.39688544
