 A V P E_repr E_full
0 20000.0 50000.0 3600000.0  
1 20000.0 50000.0 3850000.0  
2 20000.0 50000.0 4100000.0  
3 20000.0 50000.0 4350000.0  
4 20000.0 50000.0 4600000.0 21758138.75807685 21854538.057617407
5 40000.0 50000.0 3600000.0  
6 40000.0 50000.0 3850000.0  
7 40000.0 50000.0 4100000.0  
8 40000.0 50000.0 4350000.0  19302437.06376168
9 40000.0 50000.0 4600000.0 19262784.974550914 19292852.736871768
10 60000.0 50000.0 3600000.0  
11 60000.0 50000.0 3850000.0  
12 60000.0 50000.0 4100000.0  
13 60000.0 50000.0 4350000.0 18141833.517499115 17811136.186691366
14 60000.0 50000.0 4600000.0 18132806.330435403 17802734.210706
15 80000.0 50000.0 3600000.0  
16 80000.0 50000.0 3850000.0  
17 80000.0 50000.0 4100000.0  
18 80000.0 50000.0 4350000.0 17566628.197064895 16920610.382523663
19 80000.0 50000.0 4600000.0 17557634.62599071 16912627.51586621
20 20000.0 75000.0 3600000.0  
21 20000.0 75000.0 3850000.0  
22 20000.0 75000.0 4100000.0 22004840.909576718 22088758.59971543
23 20000.0 75000.0 4350000.0 21986783.038348816 22076513.403140847
24 20000.0 75000.0 4600000.0 21968974.54391766 22065915.77019295
25 40000.0 75000.0 3600000.0  
26 40000.0 75000.0 3850000.0  19531371.59926638
27 40000.0 75000.0 4100000.0 19490286.405111525 19518951.31136528
28 40000.0 75000.0 4350000.0 19477249.191560008 19509275.863559186
29 40000.0 75000.0 4600000.0 19469245.788573332 19500730.7410772
30 60000.0 75000.0 3600000.0  
31 60000.0 75000.0 3850000.0 17089881.770428535 16966249.892479103
32 60000.0 75000.0 4100000.0 17081861.707043886 16957962.426905293
33 60000.0 75000.0 4350000.0 17074004.405341044 16950758.23037074
34 60000.0 75000.0 4600000.0 17066270.99906745 16944390.194861066
35 80000.0 75000.0 3600000.0  
36 80000.0 75000.0 3850000.0 16513628.091028921 15859253.481663207
37 80000.0 75000.0 4100000.0 16505642.72288457 15851705.451814318
38 80000.0 75000.0 4350000.0 16497816.082054859 15845125.836164579
39 80000.0 75000.0 4600000.0 16490110.10238723 15839309.789978268
40 20000.0 100000.0 3600000.0 22224664.80341528 22311826.77547999
41 20000.0 100000.0 3850000.0 22207613.2791995 22293054.39661361
42 20000.0 100000.0 4100000.0 22190912.62612134 22276630.065591466
43 20000.0 100000.0 4350000.0 22174502.90969089 22265283.95916933
44 20000.0 100000.0 4600000.0 22158322.765870824 22255530.447990745
45 40000.0 100000.0 3600000.0 19708739.41912267 19731678.402889587
46 40000.0 100000.0 3850000.0 19692212.382054012 19716679.070479285
47 40000.0 100000.0 4100000.0 19675971.125532717 19704926.256927256
48 40000.0 100000.0 4350000.0 19662923.872430895 19695960.87802665
49 40000.0 100000.0 4600000.0 19655639.580150936 19688051.429900292
50 60000.0 100000.0 3600000.0 17193780.622005414 17160635.38852426
51 60000.0 100000.0 3850000.0 17181471.87749775 17149153.601652637
52 60000.0 100000.0 4100000.0 17174178.86841252 17141456.835958913
53 60000.0 100000.0 4350000.0 17167038.354741227 17134761.45094862
54 60000.0 100000.0 4600000.0 17160011.696523506 17128851.52582024
55 80000.0 100000.0 3600000.0 15434678.507558817 14775611.335811596
56 80000.0 100000.0 3850000.0 15427425.62766555 14768072.244537732
57 80000.0 100000.0 4100000.0 15420323.149990411 14762443.383749843
58 80000.0 100000.0 4350000.0 15413351.101313446 14757537.561658433
59 80000.0 100000.0 4600000.0 15406474.621268973 14753211.619525723
60 20000.0 125000.0 3600000.0 22394597.91835202 22483473.690267336
61 20000.0 125000.0 3850000.0 22378772.35023553 22465827.15933031
62 20000.0 125000.0 4100000.0 22363279.96975203 22450376.191983704
63 20000.0 125000.0 4350000.0 22348051.261072285 22439437.189471044
64 20000.0 125000.0 4600000.0 22333037.01133795 22430277.183366742
65 40000.0 125000.0 3600000.0 19878391.5840597 19902517.763027184
66 40000.0 125000.0 3850000.0 19863029.184532654 19888372.675305743
67 40000.0 125000.0 4100000.0 19847933.84481955 19877055.54063746
68 40000.0 125000.0 4350000.0 19834783.92063183 19868578.389338203
69 40000.0 125000.0 4600000.0 19828009.583314057 19861108.601577822
70 60000.0 125000.0 3600000.0 17363165.07295368 17330141.017795995
71 60000.0 125000.0 3850000.0 17350715.850584142 17319227.80262841
72 60000.0 125000.0 4100000.0 17343927.567989167 17311797.601713426
73 60000.0 125000.0 4350000.0 17337286.38552804 17305450.94138355
74 60000.0 125000.0 4600000.0 17330753.082266785 17299856.474107206
75 80000.0 125000.0 3600000.0 14859952.152235756 14764806.106511075
76 80000.0 125000.0 3850000.0 14853303.009732658 14757684.852067279
77 80000.0 125000.0 4100000.0 14846780.805296818 14752508.58377735
78 80000.0 125000.0 4350000.0 14840374.902543401 14747993.050532933
79 80000.0 125000.0 4600000.0 14834051.2293998 14744017.39688544
