 A V P E_repr E_full
0 20000.0 50000.0 3600000.0  
1 20000.0 50000.0 3850000.0  
2 20000.0 50000.0 4100000.0  
3 20000.0 50000.0 4350000.0 21772788.154521152 
4 20000.0 50000.0 4600000.0 21763157.57048491 21854538.057617407
5 40000.0 50000.0 3600000.0  
6 40000.0 50000.0 3850000.0  
7 40000.0 50000.0 4100000.0  
8 40000.0 50000.0 4350000.0 19284530.89005063 19302437.06376168
9 40000.0 50000.0 4600000.0 19274246.404965173 19292852.736871768
10 60000.0 50000.0 3600000.0  
11 60000.0 50000.0 3850000.0  
12 60000.0 50000.0 4100000.0  
13 60000.0 50000.0 4350000.0 17240543.66907658 17811136.186691366
14 60000.0 50000.0 4600000.0 17230378.8520053 17802734.210706
15 80000.0 50000.0 3600000.0  
16 80000.0 50000.0 3850000.0  
17 80000.0 50000.0 4100000.0  
18 80000.0 50000.0 4350000.0 16973613.69821777 16920610.382523663
19 80000.0 50000.0 4600000.0 16527822.30812051 16912627.51586621
20 20000.0 75000.0 3600000.0  
21 20000.0 75000.0 3850000.0 22021855.57284168 
22 20000.0 75000.0 4100000.0 22001692.296358686 22088758.59971543
23 20000.0 75000.0 4350000.0 21982279.931462057 22076513.403140847
24 20000.0 75000.0 4600000.0 21973683.67152971 22065915.77019295
25 40000.0 75000.0 3600000.0  
26 40000.0 75000.0 3850000.0 19520300.863914516 19531371.59926638
27 40000.0 75000.0 4100000.0 19500443.52565308 19518951.31136528
28 40000.0 75000.0 4350000.0 19490071.423834622 19509275.863559186
29 40000.0 75000.0 4600000.0 19481076.473621804 19500730.7410772
30 60000.0 75000.0 3600000.0  
31 60000.0 75000.0 3850000.0 17089471.81620891 16966249.892479107
32 60000.0 75000.0 4100000.0 17012260.960615195 16957962.426905293
33 60000.0 75000.0 4350000.0 17003296.749361802 16950758.23037074
34 60000.0 75000.0 4600000.0 16994467.28647468 16944390.194861066
35 80000.0 75000.0 3600000.0  
36 80000.0 75000.0 3850000.0 16902750.60601461 15859253.481663207
37 80000.0 75000.0 4100000.0 15473102.329135686 15851705.451814318
38 80000.0 75000.0 4350000.0 15464272.889337245 15845125.83616458
39 80000.0 75000.0 4600000.0 15455563.49789892 15839309.789978268
40 20000.0 100000.0 3600000.0 22226251.46754441 22311826.77547999
41 20000.0 100000.0 3850000.0 22207305.795600906 22293054.39661361
42 20000.0 100000.0 4100000.0 22188918.416616455 22276630.065591466
43 20000.0 100000.0 4350000.0 22171258.296079334 22265283.95916933
44 20000.0 100000.0 4600000.0 22162579.008203983 22255530.447990745
45 40000.0 100000.0 3600000.0 19722772.21168623 19731678.402889587
46 40000.0 100000.0 3850000.0 19704491.309626885 19716679.070479285
47 40000.0 100000.0 4100000.0 19686444.123181175 19704926.256927256
48 40000.0 100000.0 4350000.0 19675759.81403851 19695960.87802665
49 40000.0 100000.0 4600000.0 19667575.51170882 19688051.42990029
50 60000.0 100000.0 3600000.0 17222434.463138413 17160635.38852426
51 60000.0 100000.0 3850000.0 17204401.988982607 17149153.601652633
52 60000.0 100000.0 4100000.0 17194679.83732529 17141456.835958913
53 60000.0 100000.0 4350000.0 17186523.25591302 17134761.45094862
54 60000.0 100000.0 4600000.0 17178490.906736474 17128851.52582024
55 80000.0 100000.0 3600000.0 14737079.4194802 14775611.335811595
56 80000.0 100000.0 3850000.0 14728897.913751569 14768072.244537732
57 80000.0 100000.0 4100000.0 14720858.856079616 14762443.383749845
58 80000.0 100000.0 4350000.0 14712937.703334222 14757537.561658433
59 80000.0 100000.0 4600000.0 14705115.163185293 14753211.619525725
60 20000.0 125000.0 3600000.0 22396632.728925608 22483473.690267336
61 20000.0 125000.0 3850000.0 22379032.053786356 22465827.15933031
62 20000.0 125000.0 4100000.0 22361900.448675532 22450376.191983704
63 20000.0 125000.0 4350000.0 22345482.765871417 22439437.189471044
64 20000.0 125000.0 4600000.0 22336680.061672013 22430277.183366746
65 40000.0 125000.0 3600000.0 19892290.26286385 19902517.763027184
66 40000.0 125000.0 3850000.0 19875307.9963094 19888372.675305746
67 40000.0 125000.0 4100000.0 19858545.38415508 19877055.54063746
68 40000.0 125000.0 4350000.0 19847539.852718953 19868578.389338206
69 40000.0 125000.0 4600000.0 19839930.537144516 19861108.601577826
70 60000.0 125000.0 3600000.0 17390973.946463034 17330141.017795995
71 60000.0 125000.0 3850000.0 17374224.189358305 17319227.80262841
72 60000.0 125000.0 4100000.0 17364129.85125427 17311797.601713426
73 60000.0 125000.0 4350000.0 17356546.024911236 17305450.94138355
74 60000.0 125000.0 4600000.0 17349079.17636565 17299856.474107206
75 80000.0 125000.0 3600000.0 14901663.921115037 14764806.106511075
76 80000.0 125000.0 3850000.0 14894049.25678004 14757684.85206728
77 80000.0 125000.0 4100000.0 14886569.602120193 14752508.58377735
78 80000.0 125000.0 4350000.0 14879201.670498373 14747993.050532933
79 80000.0 125000.0 4600000.0 14871927.225842841 14744017.39688544
