 A V P E_repr E_full
0 20000.0 50000.0 3600000.0  
1 20000.0 50000.0 3850000.0  
2 20000.0 50000.0 4100000.0  
3 20000.0 50000.0 4350000.0 21994136.537020765 
4 20000.0 50000.0 4600000.0 21988781.98318774 21854538.057617407
5 40000.0 50000.0 3600000.0  
6 40000.0 50000.0 3850000.0  
7 40000.0 50000.0 4100000.0  
8 40000.0 50000.0 4350000.0 19831480.8210861 19302437.06376168
9 40000.0 50000.0 4600000.0 19830348.18910147 19292852.736871768
10 60000.0 50000.0 3600000.0  
11 60000.0 50000.0 3850000.0  
12 60000.0 50000.0 4100000.0  
13 60000.0 50000.0 4350000.0 19473329.174777642 17811136.186691366
14 60000.0 50000.0 4600000.0 19472196.351828486 17802734.210706
15 80000.0 50000.0 3600000.0  
16 80000.0 50000.0 3850000.0  
17 80000.0 50000.0 4100000.0  
18 80000.0 50000.0 4350000.0 19135582.613354053 16920610.382523663
19 80000.0 50000.0 4600000.0 19134448.746246938 16912627.51586621
20 20000.0 75000.0 3600000.0  
21 20000.0 75000.0 3850000.0  
22 20000.0 75000.0 4100000.0 22209111.9428129 22088758.59971543
23 20000.0 75000.0 4350000.0 22204226.89536382 22076513.403140847
24 20000.0 75000.0 4600000.0 22199533.231181607 22065915.77019295
25 40000.0 75000.0 3600000.0  
26 40000.0 75000.0 3850000.0  19531371.59926638
27 40000.0 75000.0 4100000.0 19808839.520131905 19518951.31136528
28 40000.0 75000.0 4350000.0 19806533.742313836 19509275.863559186
29 40000.0 75000.0 4600000.0 19805551.88156237 19500730.7410772
30 60000.0 75000.0 3600000.0  
31 60000.0 75000.0 3850000.0  16966249.892479103
32 60000.0 75000.0 4100000.0 18407361.467900906 16957962.426905293
33 60000.0 75000.0 4350000.0 18406352.71820901 16950758.23037074
34 60000.0 75000.0 4600000.0 18405443.708965965 16944390.194861066
35 80000.0 75000.0 3600000.0  
36 80000.0 75000.0 3850000.0  15859253.481663207
37 80000.0 75000.0 4100000.0 18069605.190654453 15851705.451814318
38 80000.0 75000.0 4350000.0 18068595.376385935 15845125.836164579
39 80000.0 75000.0 4600000.0 18067685.465012394 15839309.789978268
40 20000.0 100000.0 3600000.0 22432087.461505342 22311826.77547999
41 20000.0 100000.0 3850000.0 22411271.98910677 22293054.39661361
42 20000.0 100000.0 4100000.0 22397370.08717127 22276630.065591466
43 20000.0 100000.0 4350000.0 22392896.532525163 22265283.95916933
44 20000.0 100000.0 4600000.0 22388617.385836534 22255530.447990745
45 40000.0 100000.0 3600000.0 20023162.794955004 19731678.402889587
46 40000.0 100000.0 3850000.0 20008790.08407454 19716679.070479285
47 40000.0 100000.0 4100000.0 19995543.954431016 19704926.256927256
48 40000.0 100000.0 4350000.0 19992832.21414085 19695960.87802665
49 40000.0 100000.0 4600000.0 19991931.601814058 19688051.429900292
50 60000.0 100000.0 3600000.0 17621381.59196066 17160635.38852426
51 60000.0 100000.0 3850000.0 17612618.046674732 17149153.601652637
52 60000.0 100000.0 4100000.0 17605831.092727076 17141456.835958913
53 60000.0 100000.0 4350000.0 17604954.047434077 17134761.45094862
54 60000.0 100000.0 4600000.0 17604175.84439887 17128851.52582024
55 80000.0 100000.0 3600000.0 17000124.446872674 14775611.335811596
56 80000.0 100000.0 3850000.0 16992723.72752432 14768072.244537732
57 80000.0 100000.0 4100000.0 16985980.10926385 14762443.383749843
58 80000.0 100000.0 4350000.0 16985118.307586376 14757537.561658433
59 80000.0 100000.0 4600000.0 16984353.719532248 14753211.619525723
60 20000.0 125000.0 3600000.0 22604730.585313525 22483473.690267336
61 20000.0 125000.0 3850000.0 22584745.22512089 22465827.15933031
62 20000.0 125000.0 4100000.0 22571183.586311106 22450376.191983704
63 20000.0 125000.0 4350000.0 22566873.834251467 22439437.189471044
64 20000.0 125000.0 4600000.0 22562887.85312202 22430277.183366742
65 40000.0 125000.0 3600000.0 20194558.919769146 19902517.763027184
66 40000.0 125000.0 3850000.0 20181171.29118331 19888372.675305743
67 40000.0 125000.0 4100000.0 20168241.89142962 19877055.54063746
68 40000.0 125000.0 4350000.0 20165069.06697848 19868578.389338203
69 40000.0 125000.0 4600000.0 20164225.33715303 19861108.601577822
70 60000.0 125000.0 3600000.0 17791605.157037046 17330141.017795995
71 60000.0 125000.0 3850000.0 17782696.581812162 17319227.80262841
72 60000.0 125000.0 4100000.0 17775987.42083777 17311797.601713426
73 60000.0 125000.0 4350000.0 17775074.07406169 17305450.94138355
74 60000.0 125000.0 4600000.0 17774345.38915159 17299856.474107206
75 80000.0 125000.0 3600000.0 15904535.426976439 14764806.106511075
76 80000.0 125000.0 3850000.0 15897829.440026462 14757684.852067279
77 80000.0 125000.0 4100000.0 15891330.011245303 14752508.58377735
78 80000.0 125000.0 4350000.0 15890492.973476442 14747993.050532933
79 80000.0 125000.0 4600000.0 15889830.48453379 14744017.39688544
