 A V P E_backup_full E_backup_repr E_loss_stor_full E_loss_stor_repr E_curt_full E_curt_repr E_sol_full E_sol_repr t_repr
0 20000.0 50000.0 3600000.0         2.804999828338623
1 20000.0 50000.0 3850000.0         2.764000177383423
2 20000.0 50000.0 4100000.0         2.805000066757202
3 20000.0 50000.0 4350000.0         3.243000030517578
4 20000.0 50000.0 4600000.0 21854538.057617407 22018775.148930177 686104.0970168937 684449.8976840839 0.0 0.0 2454607.4583434653 2642444.6875762874 3.258999824523926
5 40000.0 50000.0 3600000.0         2.689000129699707
6 40000.0 50000.0 3850000.0         3.0320000648498535
7 40000.0 50000.0 4100000.0         3.4659998416900635
8 40000.0 50000.0 4350000.0 19302437.06376168  716215.6111994324  0.0  4909214.9166870015  3.3339998722076416
9 40000.0 50000.0 4600000.0 19292852.736871768 19250458.444641598 707110.500652589 704198.9240535741 0.0 0.0 4909214.9166870015 5284889.37515111 3.384999990463257
10 60000.0 50000.0 3600000.0         2.9230000972747803
11 60000.0 50000.0 3850000.0         2.9560000896453857
12 60000.0 50000.0 4100000.0         2.755000114440918
13 60000.0 50000.0 4350000.0 17811136.186691366  718607.9570548973  1035479.2792680231  6328343.095762517  3.080000162124634
14 60000.0 50000.0 4600000.0 17802734.210706 16676937.93576262 710625.8084183936 722873.5730749664 1035479.550717813 185623.75917824998 6328342.82431272 7741710.30355405 3.38700008392334
15 80000.0 50000.0 3600000.0         2.697999954223633
16 80000.0 50000.0 3850000.0         2.921999931335449
17 80000.0 50000.0 4100000.0         2.7709999084472656
18 80000.0 50000.0 4350000.0 16920610.382523663  714297.5444210961  2648397.636290072  7170032.197084365  3.1009998321533203
19 80000.0 50000.0 4600000.0 16912627.51586621 15136118.414092667 706713.5676110379 727592.4814639392 2648397.8897744752 1363581.3449658 7170031.943599923 9206197.40533617 3.314000129699707
20 20000.0 75000.0 3600000.0         3.00600004196167
21 20000.0 75000.0 3850000.0         3.3000001907348633
22 20000.0 75000.0 4100000.0 22088758.59971543 22254748.940832034 908613.6120130093 908010.8216365557 0.0 0.0 2454607.4583434653 2642444.6875762874 3.315999984741211
23 20000.0 75000.0 4350000.0 22076513.403140847 22239341.394345574 896980.6752662795 893413.7543055153 0.0 0.0 2454607.4583434653 2642444.6875762874 3.200000047683716
24 20000.0 75000.0 4600000.0 22065915.77019295 22230004.114293013 886912.9239635947 884567.640767815 0.0 0.0 2454607.4583434653 2642444.6875762874 3.2089998722076416
25 40000.0 75000.0 3600000.0         2.9639999866485596
26 40000.0 75000.0 3850000.0 19531371.59926638  933703.419930575  0.0  4909214.9166870015  3.19599986076355
27 40000.0 75000.0 4100000.0 19518951.31136528 19478352.375573967 921904.1464247431 920105.0098444333 0.0 0.0 4909214.9166870015 5284889.37515111 3.4539999961853027
28 40000.0 75000.0 4350000.0 19509275.863559186 19468593.741611455 912712.4710092264 910859.7067635226 0.0 0.0 4909214.9166870015 5284889.37515111 3.2360000610351562
29 40000.0 75000.0 4600000.0 19500730.7410772 19459020.998032205 904594.6046506256 901790.5157233133 0.0 0.0 4909214.9166870015 5284889.37515111 3.259000062942505
30 60000.0 75000.0 3600000.0         2.9020001888275146
31 60000.0 75000.0 3850000.0 16966249.892479107  951445.2568258119  0.0  7363822.37503029  2.9260001182556152
32 60000.0 75000.0 4100000.0 16957962.426905293 16708433.471902037 943572.1645296622 938336.1168967967 0.0 0.0 7363822.37503029 7927334.0627323 3.4140000343322754
33 60000.0 75000.0 4350000.0 16950758.23037074 16698937.35479027 936728.1778227141 929339.5215607185 0.0 0.0 7363822.37503029 7927334.0627323 3.2779998779296875
34 60000.0 75000.0 4600000.0 16944390.194861066 16689598.23093495 930678.54408677 920491.66121173 0.0 0.0 7363822.37503029 7927334.0627323 3.067999839782715
35 80000.0 75000.0 3600000.0         2.884000062942505
36 80000.0 75000.0 3850000.0 15859253.481663207  945875.6251627707  1408530.499734648  8409899.33363975  3.0299999713897705
37 80000.0 75000.0 4100000.0 15851705.451814318 14365783.86305362 938704.9398226759 954370.509475307 1408530.5567173 406990.47379786003 8409899.27665724 10162788.27650336 3.4210000038146973
38 80000.0 75000.0 4350000.0 15845125.83616458 14081865.244069386 932454.3619387472 946474.492736075 1408530.499734648 145902.76877745 8409899.33363975 10423875.981523769 3.32099986076355
39 80000.0 75000.0 4600000.0 15839309.789978268 14072706.251824742 926929.0159096755 937795.7114556375 1408530.60188408 145904.34589740002 8409899.23149037 10423874.40440382 3.0869998931884766
40 20000.0 100000.0 3600000.0 22311826.77547999 22483564.546433117 1120528.3789886814 1124790.0994879713 0.0 0.0 2454607.4583434653 2642444.6875762874 3.364000082015991
41 20000.0 100000.0 3850000.0 22293054.39661361 22463414.537291627 1102694.6190643234 1105700.0360320192 0.0 0.0 2454607.4583434653 2642444.6875762874 3.062999963760376
42 20000.0 100000.0 4100000.0 22276630.065591466 22443415.21496583 1087091.5045940843 1086752.7328527402 0.0 0.0 2454607.4583434653 2642444.6875762874 3.434000015258789
43 20000.0 100000.0 4350000.0 22265283.95916933 22427998.76385285 1076312.703494332 1072147.2293062243 0.0 0.0 2454607.4583434653 2642444.6875762874 3.133999824523926
44 20000.0 100000.0 4600000.0 22255530.447990745 22419526.521697443 1067046.8678735238 1064120.6503012166 0.0 0.0 2454607.4583434653 2642444.6875762874 3.492000102996826
45 40000.0 100000.0 3600000.0 19731678.402889587 19711167.39900337 1123994.883370072 1140673.3251913853 0.0 0.0 4909214.9166870015 5284889.37515111 3.1619999408721924
46 40000.0 100000.0 3850000.0 19716679.070479285 19678082.035912987 1109745.5175806645 1109328.3428436655 0.0 0.0 4909214.9166870015 5284889.37515111 3.6640000343322754
47 40000.0 100000.0 4100000.0 19704926.256927256 19664422.376107924 1098580.3447064648 1096387.2185679793 0.0 0.0 4909214.9166870015 5284889.37515111 3.2109999656677246
48 40000.0 100000.0 4350000.0 19695960.87802665 19655537.631359126 1090063.2347509286 1087969.835737916 0.0 0.0 4909214.9166870015 5284889.37515111 3.2200000286102295
49 40000.0 100000.0 4600000.0 19688051.42990029 19646824.2452128 1082549.2590314627 1079714.797575273 0.0 0.0 4909214.9166870015 5284889.37515111 3.2209999561309814
50 60000.0 100000.0 3600000.0 17160635.38852426 16967405.68512732 1136111.4780650006 1183685.6821956912 0.0 0.0 7363822.37503029 7927334.0627323 3.188999891281128
51 60000.0 100000.0 3850000.0 17149153.601652633 16901524.25462629 1125203.78053817 1121269.7954362817 0.0 0.0 7363822.37503029 7927334.0627323 3.2190001010894775
52 60000.0 100000.0 4100000.0 17141456.835958913 16892707.308886454 1117891.853128507 1112916.6451968136 0.0 0.0 7363822.37503029 7927334.0627323 3.2170000076293945
53 60000.0 100000.0 4350000.0 17134761.45094862 16884063.53390214 1111531.2373688135 1104727.5564553433 0.0 0.0 7363822.37503029 7927334.0627323 3.2759997844696045
54 60000.0 100000.0 4600000.0 17128851.52582024 16875564.620578047 1105916.8084981444 1096675.709260045 0.0 0.0 7363822.37503029 7927334.0627323 3.245000123977661
55 80000.0 100000.0 3600000.0 14775611.335811595 16727403.931680193 1151488.567898515 1168286.5463302603 173457.51843737 2430466.81977134 9644972.31493722 8139311.930530719 3.241999864578247
56 80000.0 100000.0 3850000.0 14768072.244537732 14130146.768262886 1144326.324010257 1138119.045259832 173457.62561835998 0.0 9644972.207756333 10569778.75030122 3.240999937057495
57 80000.0 100000.0 4100000.0 14762443.383749845 14121567.828473493 1138978.9062596115 1129991.3812081164 173457.62561835998 0.0 9644972.207756333 10569778.75030122 3.3350000381469727
58 80000.0 100000.0 4350000.0 14757537.561658433 14113134.520721728 1134318.3086562671 1122001.6885497512 173457.69223545 0.0 9644972.14113927 10569778.75030122 3.2880001068115234
59 80000.0 100000.0 4600000.0 14753211.619525725 14104823.093332529 1130208.8374290278 1114127.4650111226 173457.51843737 0.0 9644972.31493722 10569778.75030122 3.312999963760376
60 20000.0 125000.0 3600000.0 22483473.690267336 22654846.155987848 1283592.9480340905 1287061.8271130591 0.0 0.0 2454607.4583434653 2642444.6875762874 3.25600004196167
61 20000.0 125000.0 3850000.0 22465827.15933031 22636141.22962251 1266828.7436441574 1269340.8311192594 0.0 0.0 2454607.4583434653 2642444.6875762874 3.30400013923645
62 20000.0 125000.0 4100000.0 22450376.191983704 22617578.54097379 1252150.3246668265 1251754.5907500628 0.0 0.0 2454607.4583434653 2642444.6875762874 3.2990000247955322
63 20000.0 125000.0 4350000.0 22439437.189471044 22602048.590702336 1241758.2722792341 1237041.5584105912 0.0 0.0 2454607.4583434653 2642444.6875762874 3.3930001258850098
64 20000.0 125000.0 4600000.0 22430277.183366746 22594228.902718876 1233056.266478271 1229633.2074356957 0.0 0.0 2454607.4583434653 2642444.6875762874 3.313999891281128
65 40000.0 125000.0 3600000.0 19902517.763027184 19869044.996369682 1286292.275500686 1290246.128402916 0.0 0.0 4909214.9166870015 5284889.37515111 3.305000066757202
66 40000.0 125000.0 3850000.0 19888372.675305746 19850504.76047523 1272854.4421663538 1272681.1597034517 0.0 0.0 4909214.9166870015 5284889.37515111 3.3310000896453857
67 40000.0 125000.0 4100000.0 19877055.54063746 19836623.5792322 1262103.1642328172 1259530.1666253181 0.0 0.0 4909214.9166870015 5284889.37515111 3.325000047683716
68 40000.0 125000.0 4350000.0 19868578.389338206 19828358.223784618 1254049.8704980349 1251699.591520629 0.0 0.0 4909214.9166870015 5284889.37515111 3.319000005722046
69 40000.0 125000.0 4600000.0 19861108.601577826 19820254.11561273 1246953.5721247566 1244021.7816432286 0.0 0.0 4909214.9166870015 5284889.37515111 3.3389999866485596
70 60000.0 125000.0 3600000.0 17330141.017795995 17083698.097426765 1297141.8258733111 1293860.7950039206 0.0 0.0 7363822.37503029 7927334.0627323 3.3410000801086426
71 60000.0 125000.0 3850000.0 17319227.80262841 17071828.336977575 1286774.2714668615 1282615.41646633 0.0 0.0 7363822.37503029 7927334.0627323 3.5460000038146973
72 60000.0 125000.0 4100000.0 17311797.601713426 17063625.49134722 1279715.5805979695 1274844.0629946927 0.0 0.0 7363822.37503029 7927334.0627323 3.3449997901916504
73 60000.0 125000.0 4350000.0 17305450.94138355 17055585.81356012 1273686.2532841356 1267227.2942823425 0.0 0.0 7363822.37503029 7927334.0627323 3.3429999351501465
74 60000.0 125000.0 4600000.0 17299856.474107206 17047682.687244087 1268371.509371917 1259739.8940658327 0.0 0.0 7363822.37503029 7927334.0627323 3.367000102996826
75 80000.0 125000.0 3600000.0 14764806.106511075 14307287.409267684 1314681.1184999896 1305941.6032256775 0.0 0.0 9818429.833374482 10569778.75030122 3.450000047683716
76 80000.0 125000.0 3850000.0 14757684.85206728 14299141.562520534 1307915.9267819144 1298224.2503365132 0.0 0.0 9818429.833374482 10569778.75030122 3.421999931335449
77 80000.0 125000.0 4100000.0 14752508.58377735 14291161.805162832 1302998.471905356 1290664.2500766034 0.0 0.0 9818429.833374482 10569778.75030122 3.4079999923706055
78 80000.0 125000.0 4350000.0 14747993.050532933 14283319.409516789 1298708.715323413 1283234.3859284525 0.0 0.0 9818429.833374482 10569778.75030122 3.4059998989105225
79 80000.0 125000.0 4600000.0 14744017.39688544 14275591.9987203 1294931.844358383 1275913.4581090512 0.0 0.0 9818429.833374482 10569778.75030122 3.430999994277954
