 A V P E_backup_full E_backup_repr E_loss_stor_full E_loss_stor_repr E_curt_full E_curt_repr E_sol_full E_sol_repr t_repr
0 20000.0 50000.0 3600000.0         6.216471195220947
1 20000.0 50000.0 3850000.0         4.810263156890869
2 20000.0 50000.0 4100000.0         6.261800050735474
3 20000.0 50000.0 4350000.0         4.925933122634888
4 20000.0 50000.0 4600000.0 21854538.057617407 21738642.220137417 686104.0970168937 681077.7799980118 0.0 0.0 2454607.4583434653 2393147.990264751 6.842962980270386
5 40000.0 50000.0 3600000.0         4.8218982219696045
6 40000.0 50000.0 3850000.0         6.271183013916016
7 40000.0 50000.0 4100000.0         4.923779010772705
8 40000.0 50000.0 4350000.0 19302437.06376168  716215.6111994324  0.0  4909214.9166870015  6.320122957229614
9 40000.0 50000.0 4600000.0 19292852.736871768 19223425.483606305 707110.500652589 691316.3250894182 0.0 0.0 4909214.9166870015 4786295.9805281805 6.838320016860962
10 60000.0 50000.0 3600000.0         4.776762008666992
11 60000.0 50000.0 3850000.0         6.143019914627075
12 60000.0 50000.0 4100000.0         4.861315965652466
13 60000.0 50000.0 4350000.0 17811136.186691366  718607.9570548973  1035479.2792680231  6328343.095762517  6.3203089237213135
14 60000.0 50000.0 4600000.0 17802734.210706 17526573.379604124 710625.8084183936 694187.6576177075 1035479.550717813 782683.62331819 6328342.82431272 6396760.34747592 6.85371208190918
15 80000.0 50000.0 3600000.0         4.701528072357178
16 80000.0 50000.0 3850000.0         4.8567280769348145
17 80000.0 50000.0 4100000.0         6.2525129318237305
18 80000.0 50000.0 4350000.0 16920610.382523663  714297.5444210961  2648397.636290072  7170032.197084365  4.858136177062988
19 80000.0 50000.0 4600000.0 16912627.51586621 17001760.59066675 706713.5676110379 688207.153038147 2648397.8897744752 2684605.9197648903 7170031.943599923 6887986.04129269 6.820615768432617
20 20000.0 75000.0 3600000.0         4.826374053955078
21 20000.0 75000.0 3850000.0         7.1238579750061035
22 20000.0 75000.0 4100000.0 22088758.59971543 21959501.041769434 908613.6120130093 890318.8225127058 0.0 0.0 2454607.4583434653 2393147.990264751 6.8754448890686035
23 20000.0 75000.0 4350000.0 22076513.403140847 21954452.37298928 896980.6752662795 885535.7275392056 0.0 0.0 2454607.4583434653 2393147.990264751 5.289367914199829
24 20000.0 75000.0 4600000.0 22065915.77019295 21949568.035787407 886912.9239635947 880908.3198625327 0.0 0.0 2454607.4583434653 2393147.990264751 6.704386949539185
25 40000.0 75000.0 3600000.0         4.792742967605591
26 40000.0 75000.0 3850000.0 19531371.59926638 19447285.17886957 933703.419930575 903400.3870628858 0.0 0.0 4909214.9166870015 4786295.9805281805 6.8866660594940186
27 40000.0 75000.0 4100000.0 19518951.31136528 19442313.18735086 921904.1464247431 898689.9359094825 0.0 0.0 4909214.9166870015 4786295.9805281805 6.898030996322632
28 40000.0 75000.0 4350000.0 19509275.863559186 19437571.8496519 912712.4710092264 894198.0055730465 0.0 0.0 4909214.9166870015 4786295.9805281805 5.333100080490112
29 40000.0 75000.0 4600000.0 19500730.7410772 19432939.050670803 904594.6046506256 889808.9045085672 0.0 0.0 4909214.9166870015 4786295.9805281805 6.779154062271118
30 60000.0 75000.0 3600000.0         4.823323965072632
31 60000.0 75000.0 3850000.0 16966249.892479107 16930871.952082384 951445.2568258119 912505.3805601106 0.0 0.0 7363822.37503029 7179443.970794329 6.934847116470337
32 60000.0 75000.0 4100000.0 16957962.426905293 16926267.553978644 943572.1645296622 908143.1864039283 0.0 0.0 7363822.37503029 7179443.970794329 6.912511110305786
33 60000.0 75000.0 4350000.0 16950758.23037074 16923504.55372612 936728.1778227141 905525.5275389006 0.0 0.0 7363822.37503029 7179443.970794329 5.244964122772217
34 60000.0 75000.0 4600000.0 16944390.194861066 16920927.15130645 930678.54408677 903083.703549457 0.0 0.0 7363822.37503029 7179443.970794329 6.779495000839233
35 80000.0 75000.0 3600000.0         4.805101156234741
36 80000.0 75000.0 3850000.0 15859253.481663207 15898489.067012545 945875.6251627707 911764.2142118955 1408530.499734648 1415812.43974973 8409899.33363975 8156779.52130972 6.9296300411224365
37 80000.0 75000.0 4100000.0 15851705.451814318 15895623.772014221 938704.9398226759 909046.0843595249 1408530.5567173 1415815.9969612998 8409899.27665724 8156775.964098149 6.852643013000488
38 80000.0 75000.0 4350000.0 15845125.83616458 15893036.696763504 932454.3619387472 906594.2849718066 1408530.499734648 1415816.80835012 8409899.33363975 8156775.152707899 5.312342882156372
39 80000.0 75000.0 4600000.0 15839309.789978268 15890616.58341459 926929.0159096755 904303.1864937269 1408530.60188408 1415815.0980657202 8409899.23149037 8156776.8629944995 6.7898290157318115
40 20000.0 100000.0 3600000.0 22311826.77547999 22167215.488625716 1120528.3789886814 1087106.9203883023 0.0 0.0 2454607.4583434653 2393147.990264751 5.362677097320557
41 20000.0 100000.0 3850000.0 22293054.39661361 22152704.247779526 1102694.6190643234 1073359.0105721822 0.0 0.0 2454607.4583434653 2393147.990264751 6.936751127243042
42 20000.0 100000.0 4100000.0 22276630.065591466 22147811.535698544 1087091.5045940843 1068723.6685412 0.0 0.0 2454607.4583434653 2393147.990264751 6.946502923965454
43 20000.0 100000.0 4350000.0 22265283.95916933 22143193.38870942 1076312.703494332 1064348.4487291968 0.0 0.0 2454607.4583434653 2393147.990264751 5.690567970275879
44 20000.0 100000.0 4600000.0 22255530.447990745 22138744.430580087 1067046.8678735238 1060133.5179943289 0.0 0.0 2454607.4583434653 2393147.990264751 6.569471120834351
45 40000.0 100000.0 3600000.0 19731678.402889587 19643703.24240354 1123994.883370072 1089486.3223212739 0.0 0.0 4909214.9166870015 4786295.9805281805 5.154561996459961
46 40000.0 100000.0 3850000.0 19716679.070479285 19634299.91869654 1109745.5175806645 1080577.639204466 0.0 0.0 4909214.9166870015 4786295.9805281805 6.684161901473999
47 40000.0 100000.0 4100000.0 19704926.256927256 19629766.16754287 1098580.3447064648 1076282.3757766148 0.0 0.0 4909214.9166870015 4786295.9805281805 6.67118501663208
48 40000.0 100000.0 4350000.0 19695960.87802665 19625436.481875222 1090063.2347509286 1072180.443430386 0.0 0.0 4909214.9166870015 4786295.9805281805 5.114431858062744
49 40000.0 100000.0 4600000.0 19688051.42990029 19621217.704721104 1082549.2590314627 1068183.5855231776 0.0 0.0 4909214.9166870015 4786295.9805281805 6.677670001983643
50 60000.0 100000.0 3600000.0 17160635.38852426 17125545.54390303 1136111.4780650006 1096938.60808894 0.0 0.0 7363822.37503029 7179443.970794329 5.06968092918396
51 60000.0 100000.0 3850000.0 17149153.601652633 17116949.13816578 1125203.78053817 1088794.3968454914 0.0 0.0 7363822.37503029 7179443.970794329 6.526301145553589
52 60000.0 100000.0 4100000.0 17141456.835958913 17112628.617288176 1117891.853128507 1084701.147198709 0.0 0.0 7363822.37503029 7179443.970794329 4.954066038131714
53 60000.0 100000.0 4350000.0 17134761.45094862 17109897.55262202 1111531.2373688135 1082113.74400833 0.0 0.0 7363822.37503029 7179443.970794329 9.074490070343018
54 60000.0 100000.0 4600000.0 17128851.52582024 17107527.391451743 1105916.8084981444 1079868.2598150054 0.0 0.0 7363822.37503029 7179443.970794329 4.989017963409424
55 80000.0 100000.0 3600000.0 14775611.335811595 14779899.897869144 1151488.567898515 1111674.919518878 173457.51843737 156153.4202151 9644972.31493722 9416438.54084347 6.569386005401611
56 80000.0 100000.0 3850000.0 14768072.244537732 14774680.16710384 1144326.324010257 1106728.0351690208 173457.62561835998 156155.145938 9644972.207756333 9416436.815120239 4.941192150115967
57 80000.0 100000.0 4100000.0 14762443.383749845 14773609.97733289 1138978.9062596115 1105717.5917309036 173457.62561835998 156151.6945131 9644972.207756333 9416440.26654448 6.580551862716675
58 80000.0 100000.0 4350000.0 14757537.561658433 14773399.190512056 1134318.3086562671 1105515.3043121293 173457.69223545 156154.2830738 9644972.14113927 9416437.67798444 9.812402963638306
59 80000.0 100000.0 4600000.0 14753211.619525725 14773224.83049202 1130208.8374290278 1105349.2532485086 173457.51843737 156155.145938 9644972.31493722 9416436.815120239 6.572219133377075
60 20000.0 125000.0 3600000.0 22483473.690267336 22341412.683344334 1283592.9480340905 1252140.8653971707 0.0 0.0 2454607.4583434653 2393147.990264751 5.0549139976501465
61 20000.0 125000.0 3850000.0 22465827.15933031 22326117.596237343 1266828.7436441574 1237650.3417799645 0.0 0.0 2454607.4583434653 2393147.990264751 7.297289848327637
62 20000.0 125000.0 4100000.0 22450376.191983704 22321558.78553575 1252150.3246668265 1233331.3370119792 0.0 0.0 2454607.4583434653 2393147.990264751 5.013535022735596
63 20000.0 125000.0 4350000.0 22439437.189471044 22317244.68605453 1241758.2722792341 1229244.170986112 0.0 0.0 2454607.4583434653 2393147.990264751 6.794221878051758
64 20000.0 125000.0 4600000.0 22430277.183366746 22313104.896183036 1233056.266478271 1225322.1454095568 0.0 0.0 2454607.4583434653 2393147.990264751 5.039947032928467
65 40000.0 125000.0 3600000.0 19902517.763027184 19816762.704964932 1286292.275500686 1253442.3830094023 0.0 0.0 4909214.9166870015 4786295.9805281805 6.825109004974365
66 40000.0 125000.0 3850000.0 19888372.675305746 19807086.01573731 1272854.4421663538 1244274.714152507 0.0 0.0 4909214.9166870015 4786295.9805281805 8.296693086624146
67 40000.0 125000.0 4100000.0 19877055.54063746 19802862.47293334 1262103.1642328172 1240273.3412736864 0.0 0.0 4909214.9166870015 4786295.9805281805 6.653779983520508
68 40000.0 125000.0 4350000.0 19868578.389338206 19798823.236908365 1254049.8704980349 1236446.5801353622 0.0 0.0 4909214.9166870015 4786295.9805281805 5.01390814781189
69 40000.0 125000.0 4600000.0 19861108.601577826 19794898.036862675 1246953.5721247566 1232727.8563690223 0.0 0.0 4909214.9166870015 4786295.9805281805 7.293501853942871
70 60000.0 125000.0 3600000.0 17330141.017795995 17297986.721697006 1297141.8258733111 1260308.907493917 0.0 0.0 7363822.37503029 7179443.970794329 4.927215099334717
71 60000.0 125000.0 3850000.0 17319227.80262841 17289079.390948206 1286774.2714668615 1251870.1267515335 0.0 0.0 7363822.37503029 7179443.970794329 6.702981948852539
72 60000.0 125000.0 4100000.0 17311797.601713426 17285055.65487127 1279715.5805979695 1248058.0502183032 0.0 0.0 7363822.37503029 7179443.970794329 5.035382032394409
73 60000.0 125000.0 4350000.0 17305450.94138355 17282228.676370673 1273686.2532841356 1245379.778535887 0.0 0.0 7363822.37503029 7179443.970794329 6.726016998291016
74 60000.0 125000.0 4600000.0 17299856.474107206 17280003.56685986 1268371.509371917 1243271.7158893524 0.0 0.0 7363822.37503029 7179443.970794329 8.770025968551636
75 80000.0 125000.0 3600000.0 14764806.106511075 14788889.700673806 1314681.1184999896 1276345.2542813288 0.0 0.0 9818429.833374482 9572591.961058019 6.657137870788574
76 80000.0 125000.0 3850000.0 14757684.85206728 14783282.79824675 1307915.9267819144 1271033.290289837 0.0 0.0 9818429.833374482 9572591.961058019 4.961449861526489
77 80000.0 125000.0 4100000.0 14752508.58377735 14782460.638548275 1302998.471905356 1270254.3784450283 0.0 0.0 9818429.833374482 9572591.961058019 7.330283164978027
78 80000.0 125000.0 4350000.0 14747993.050532933 14782264.754463112 1298708.715323413 1270068.7984018254 0.0 0.0 9818429.833374482 9572591.961058019 4.978926181793213
79 80000.0 125000.0 4600000.0 14744017.39688544 14782103.78936265 1294931.844358383 1269916.3005176773 0.0 0.0 9818429.833374482 9572591.961058019 6.694008111953735
