 A V P E_backup_full E_backup_repr E_loss_stor_full E_loss_stor_repr E_curt_full E_curt_repr E_sol_full E_sol_repr t_repr
0 20000.0 50000.0 3600000.0         4.439000129699707
1 20000.0 50000.0 3850000.0         7.0269999504089355
2 20000.0 50000.0 4100000.0         7.306999921798706
3 20000.0 50000.0 4350000.0 16592380.836997658  720636.8058188369  75397.595537396  6658570.484883834  5.443000078201294
4 20000.0 50000.0 4600000.0 16585038.744825438 16399031.504556077 713294.7136478272 715167.7675517986 75397.595537396 21742.263891000002 6658570.484883834 6926632.651757001 6.928999900817871
5 40000.0 50000.0 3600000.0         4.761999845504761
6 40000.0 50000.0 3850000.0         4.902000188827515
7 40000.0 50000.0 4100000.0 14027214.641901145  709087.3188457013  4255748.9678347325  9212187.19300798  5.382000207901001
8 40000.0 50000.0 4350000.0 14021212.744126163 13273808.2295913 703085.4210683812 710302.4973219787 4255748.9678347325 3849759.1747956 9212187.19300798 10046990.656500943 5.894999980926514
9 40000.0 50000.0 4600000.0 14017958.597951574 13270066.715064831 699831.2748941265 706561.1980338596 4255748.9678347325 3849758.9595546005 9212187.19300798 10046990.8717427 6.812000036239624
10 60000.0 50000.0 3600000.0         5.485000133514404
11 60000.0 50000.0 3850000.0 12226730.50313483  704325.326430931  9193994.901906958  11007909.339356776  4.863000154495239
12 60000.0 50000.0 4100000.0 12222459.576220773  700054.3995160435  9193994.901906958  11007909.339356776  5.163000106811523
13 60000.0 50000.0 4350000.0 12219501.072566815 10788064.97752921 697095.8958600254 704839.8776963276 9193994.901906958 8317853.457987422 11007909.339356776 12527271.28895665 5.983999967575073
14 60000.0 50000.0 4600000.0 12216898.182801396 10784549.843718523 694493.0060953507 701323.385896501 9193994.901906958 8317854.815975094 11007909.339356776 12527269.930970313 6.072000026702881
15 80000.0 50000.0 3600000.0         5.848999977111816
16 80000.0 50000.0 3850000.0 10940857.160636373  696920.0748667055  14649494.891399235  12286377.430286905  5.865000009536743
17 80000.0 50000.0 4100000.0 10937984.567826312 9827474.356645137 694047.4820560425 700991.4983637098 14649494.891399235 14309486.132105198 12286377.430286905 13484013.530488301 6.963000059127808
18 80000.0 50000.0 4350000.0 10935465.780757817 9805194.867934521 691528.694986766 697752.3364484593 14649494.891399235 14290445.805306647 12286377.430286905 13503053.857288746 5.6000001430511475
19 80000.0 50000.0 4600000.0 10933258.05341923 9801741.094890092 689320.9232587955 694298.8201181553 14649494.935789015 14290445.5485987 12286377.385897128 13503054.113993531 5.6499998569488525
20 20000.0 75000.0 3600000.0         5.069999933242798
21 20000.0 75000.0 3850000.0 16730294.266034873  933947.8303922749  0.0  6733968.080421236  5.5329999923706055
22 20000.0 75000.0 4100000.0 16721854.474449845 16584736.185352845 925508.0388079395 922614.7122139261 0.0 0.0 6733968.080421236 6948374.915648001 6.255000114440918
23 20000.0 75000.0 4350000.0 16714516.528060105 16577325.580226315 918170.0924179419 915204.1070832699 0.0 0.0 6733968.080421236 6948374.915648001 5.71399998664856
24 20000.0 75000.0 4600000.0 16708032.928895695 16573311.015379302 911686.4932547624 911189.5422388415 0.0 0.0 6733968.080421236 6948374.915648001 7.789000034332275
25 40000.0 75000.0 3600000.0 13011181.561889742  938164.9969031352  3010638.209766237  10457297.951076578  5.126000165939331
26 40000.0 75000.0 3850000.0 13004951.649977373 12271090.95968558 931935.0849920593 931112.4966285083 3010638.209766237 2626231.90559568 10457297.951076578 11270517.925699795 5.954999923706055
27 40000.0 75000.0 4100000.0 12999509.11165627 12267306.15355526 926492.5466708048 927326.938658644 3010638.209766237 2626232.657436961 10457297.951076578 11270517.173858957 5.586999893188477
28 40000.0 75000.0 4350000.0 12995037.301928 12263911.337267924 922020.7369419056 923932.4031890717 3010638.209766237 2626232.3766133203 10457297.951076578 11270517.454684181 5.582000017166138
29 40000.0 75000.0 4600000.0 12992854.275155906 12260780.298395379 919837.7101683369 920800.8833080968 3010638.209766237 2626232.8576252805 10457297.951076578 11270516.973670207 5.601000070571899
30 60000.0 75000.0 3600000.0 11177828.837460622 9764340.924881583 924867.2009509351 928146.7968849777 7924551.36171202 7070822.486163034 12277352.879552178 13774302.2607859 5.2829999923706055
31 60000.0 75000.0 3850000.0 11172933.07150039 9741257.283819064 919971.4349917602 925189.6037772112 7924551.36171202 7050696.038205825 12277352.879552178 13794428.708742475 5.328000068664551
32 60000.0 75000.0 4100000.0 11169936.925297087 9738140.332007356 916975.2887881371 922072.491593062 7924551.36171202 7050696.198587763 12277352.879552178 13794428.548361514 5.284999847412109
33 60000.0 75000.0 4350000.0 11168045.1950497 9735149.384772794 915083.5585407336 919083.2788079454 7924551.36171202 7050694.464139313 12277352.879552178 13794430.28280943 5.3459999561309814
34 60000.0 75000.0 4600000.0 11166387.476091474 9732221.877600346 913425.8395829116 916154.4158742235 7924551.36171202 7050695.819899353 12277352.879552178 13794428.92704796 5.25
35 80000.0 75000.0 3600000.0 9884990.89350674 8728759.259274684 915229.1709296823 922022.8230325796 13375319.528203664 12989739.7100701 13560552.79348106 14803759.952520927 5.636999845504761
36 80000.0 75000.0 3850000.0 9882161.85214294 8725670.152114693 912400.1295660993 918927.2503422897 13375319.528203664 12989746.175604317 13560552.79348106 14803753.48698932 5.708999872207642
37 80000.0 75000.0 4100000.0 9880375.796248123 8722664.14405608 910614.073671583 915921.1267479961 13375319.528203664 12989746.291133087 13560552.79348106 14803753.371460045 5.4670000076293945
38 80000.0 75000.0 4350000.0 9878814.222477587 8719726.87128824 909052.499901102 912985.8045207525 13375319.528203664 12989744.340599436 13560552.79348106 14803755.321996156 5.230000019073486
39 80000.0 75000.0 4600000.0 9877453.835995076 8716847.112117741 907692.1134182368 910106.9291250735 13375319.528203664 12989743.45682549 13560552.79348106 14803756.205767553 5.463000059127808
40 20000.0 100000.0 3600000.0 16916857.02339592 16775101.148869254 1120510.5877544046 1112979.6757398336 0.0 0.0 6733968.080421236 6948374.915648001 5.265000104904175
41 20000.0 100000.0 3850000.0 16905751.012679726 16767844.864443567 1109404.57703877 1105723.391310183 0.0 0.0 6733968.080421236 6948374.915648001 5.271999835968018
42 20000.0 100000.0 4100000.0 16897919.992521748 16760834.2008406 1101573.556882179 1098712.7277104112 0.0 0.0 6733968.080421236 6948374.915648001 5.178000211715698
43 20000.0 100000.0 4350000.0 16891104.470962238 16754050.980417859 1094758.0353217414 1091929.5072899568 0.0 0.0 6733968.080421236 6948374.915648001 5.685999870300293
44 20000.0 100000.0 4600000.0 16885090.14739283 16749953.415941125 1088743.711754062 1087831.942810357 0.0 0.0 6733968.080421236 6948374.915648001 5.668999910354614
45 40000.0 100000.0 3600000.0 11968222.640384307 11248432.787027154 1134788.5434371226 1125327.9857415517 1771055.7417248832 1409358.24382116 11696880.419118332 12487391.587472253 28.153000116348267
46 40000.0 100000.0 3850000.0 11963713.620577913 11245045.702593828 1130279.5236317043 1121940.4854072812 1771055.7417248832 1409358.6597287639 11696880.419118332 12487391.171566747 12.089999914169312
47 40000.0 100000.0 4100000.0 11959775.39540514 11241763.344241427 1126341.2984588658 1118657.175841918 1771055.7417248832 1409359.61093772 11696880.419118332 12487390.22035748 5.824000120162964
48 40000.0 100000.0 4350000.0 11956408.159510292 11238787.961558118 1122974.0625637057 1115682.3692412134 1771055.7417248832 1409359.03485576 11696880.419118332 12487390.796439799 5.394999980926514
49 40000.0 100000.0 4600000.0 11954924.51974018 11236053.689035099 1121490.422794401 1112947.5676645003 1771055.7417248832 1409359.5639073197 11696880.419118332 12487390.26738717 5.336000204086304
50 60000.0 100000.0 3600000.0 10113583.116880018 8679628.36600022 1119444.3638622146 1119055.706773903 6665728.478216697 5795201.017394635 13536175.763047313 15049923.729553139 5.238999843597412
51 60000.0 100000.0 3850000.0 10110091.843874 8676852.971923605 1115953.0908581968 1116279.0801661091 6665728.478216697 5795202.249925805 13536175.763047313 15049922.497022005 5.171000003814697
52 60000.0 100000.0 4100000.0 10107981.333933596 8674159.82484427 1113842.5809170608 1113585.2268294687 6665728.478216697 5795202.956188555 13536175.763047313 15049921.790758176 5.846999883651733
53 60000.0 100000.0 4350000.0 10106787.662383767 8671570.295814177 1112648.9093675807 1110997.6501717665 6665728.478216697 5795201.003817005 13536175.763047313 15049923.743129775 9.733000040054321
54 60000.0 100000.0 4600000.0 10105748.71579409 8669024.604882339 1111609.9627773915 1108450.8598694995 6665728.478216697 5795202.103189555 13536175.763047313 15049922.643759154 9.599999904632568
55 80000.0 100000.0 3600000.0 8816835.838206079 7634789.182800136 1110392.7454685909 1113286.0394714759 12112000.89836377 11704506.417151378 14823871.423321364 16088993.245440077 10.681999921798706
56 80000.0 100000.0 3850000.0 8814912.70583274 7632139.356572925 1108469.6130966144 1110629.2431364132 12112000.89836377 11704513.387264168 14823871.423321364 16088986.275327187 8.943000078201294
57 80000.0 100000.0 4100000.0 8813826.596138176 7629545.946041527 1107383.5034013428 1108037.0922850696 12112000.89836377 11704512.127577284 14823871.423321364 16088987.535015453 5.4679999351501465
58 80000.0 100000.0 4350000.0 8812883.430199016 7626999.2605349 1106440.3374622066 1105489.6874393695 12112000.89836377 11704512.846914904 14823871.423321364 16088986.815676648 6.10099983215332
59 80000.0 100000.0 4600000.0 8812069.259839317 7624491.62252432 1105626.1671020759 1102984.3467064414 12112000.89836377 11704510.549640799 14823871.423321364 16088989.112949578 5.750999927520752
60 20000.0 125000.0 3600000.0 17079087.392741144 16937140.223176036 1282740.9570999786 1275018.7500598826 0.0 0.0 6733968.080421236 6948374.915648001 5.312000036239624
61 20000.0 125000.0 3850000.0 17068396.30532876 16930377.484410204 1272049.8696881905 1268256.0112898694 0.0 0.0 6733968.080421236 6948374.915648001 5.351000070571899
62 20000.0 125000.0 4100000.0 17060982.734222043 16923846.199944414 1264636.2985831425 1261724.7268249746 0.0 0.0 6733968.080421236 6948374.915648001 5.745000123977661
63 20000.0 125000.0 4350000.0 17054525.562438242 16917505.487536218 1258179.12679761 1255384.0144105428 0.0 0.0 6733968.080421236 6948374.915648001 5.968000173568726
64 20000.0 125000.0 4600000.0 17048834.185390234 16913311.264955543 1252487.7497516617 1251189.7918320848 0.0 0.0 6733968.080421236 6948374.915648001 6.052999973297119
65 40000.0 125000.0 3600000.0 10918099.56935001 10211856.81810861 1321258.8149009892 1301418.2066581978 534462.39922654 196692.05397924 12933473.761616165 13700057.777317084 5.297999858856201
66 40000.0 125000.0 3850000.0 10914860.523922857 10208868.474245822 1318019.7694743949 1298434.033695809 534462.39922654 196687.8830772 12933473.761616165 13700061.948219031 5.490999937057495
67 40000.0 125000.0 4100000.0 10912033.53489301 10205949.148763262 1315192.7804456016 1295509.7944666077 534462.39922654 196692.79682483998 12933473.761616165 13700057.03447043 5.754999876022339
68 40000.0 125000.0 4350000.0 10909573.33966669 10203276.2425599 1312732.585218712 1292837.6311036327 534462.39922654 196692.05397924 12933473.761616165 13700057.777317084 6.0340001583099365
69 40000.0 125000.0 4600000.0 10908525.127930516 10200826.705567384 1311684.3734838795 1290387.3512668554 534462.39922654 196692.79682483998 12933473.761616165 13700057.03447043 5.519999980926514
70 60000.0 125000.0 3600000.0 9043713.278936306 7607821.56527698 1301942.7488494941 1295005.6010473412 5413360.255281735 4547444.322401845 14788543.985982932 16297680.42454561 5.4599997997283936
71 60000.0 125000.0 3850000.0 9041275.039937453 7605378.26439162 1299504.509852805 1292562.1900733048 5413360.255281735 4547444.432487885 14788543.985982932 16297680.314459534 5.825999975204468
72 60000.0 125000.0 4100000.0 9039804.63735186 7602989.257270892 1298034.1072674468 1290172.7098370322 5413360.255281735 4547444.905606965 14788543.985982932 16297679.841340639 5.380000114440918
73 60000.0 125000.0 4350000.0 9039086.14362512 7600687.6121706925 1297315.613539399 1287871.0027238424 5413360.255281735 4547444.967617365 14788543.985982932 16297679.77933064 5.38700008392334
74 60000.0 125000.0 4600000.0 9038468.400781337 7599680.08955295 1296697.870696064 1286863.2390384998 5413360.255281735 4547445.208677998 14788543.985982932 16297679.538268622 5.250999927520752
75 80000.0 125000.0 3600000.0 7743291.793046667 6536179.327442469 1292432.131283506 1289688.5211194102 10856417.46738251 10429494.08015152 16079454.85430114 17364005.582437906 5.294000148773193
76 80000.0 125000.0 3850000.0 7742030.960863632 6533843.787098597 1291171.29833199 1287348.992501909 10856417.468150977 10429498.068420583 16079454.853532664 17364001.594167706 5.384999990463257
77 80000.0 125000.0 4100000.0 7741405.680823271 6531545.49165528 1290546.018292737 1285050.3429283493 10856417.468150977 10429498.422545783 16079454.853532664 17364001.240044817 6.605000019073486
78 80000.0 125000.0 4350000.0 7740872.769040685 6530634.07531391 1290013.1065098008 1284139.4463882665 10856417.468150977 10429497.902743261 16079454.853532664 17364001.759846717 6.572999954223633
79 80000.0 125000.0 4600000.0 7740420.480863705 6530261.712043091 1289560.8183322155 1283766.6694199017 10856417.468150977 10429498.316441849 16079454.853532664 17364001.346148677 5.646000146865845
