 A V P E_backup_full E_backup_repr E_loss_stor_full E_loss_stor_repr E_curt_full E_curt_repr E_sol_full E_sol_repr t_repr
0 20000.0 50000.0 3600000.0         2.7840001583099365
1 20000.0 50000.0 3850000.0         3.627000093460083
2 20000.0 50000.0 4100000.0         3.4539999961853027
3 20000.0 50000.0 4350000.0         3.555999994277954
4 20000.0 50000.0 4600000.0 21854538.057617407 21332236.364786744 686104.0970168937 680603.6592949071 0.0 0.0 2454607.4583434653 2543490.5558778713 3.9559998512268066
5 40000.0 50000.0 3600000.0         2.7719998359680176
6 40000.0 50000.0 3850000.0         3.4560000896453857
7 40000.0 50000.0 4100000.0         3.5369999408721924
8 40000.0 50000.0 4350000.0 19302437.06376168 19373096.75507736 716215.6111994324 693838.8220548733 0.0 674171.8943875199 4909214.9166870015 4412809.217368696 3.7009999752044678
9 40000.0 50000.0 4600000.0 19292852.736871768 19367094.28700837 707110.500652589 688157.9214323312 0.0 674166.0732041999 4909214.9166870015 4412815.038551596 3.753999948501587
10 60000.0 50000.0 3600000.0         2.75
11 60000.0 50000.0 3850000.0         3.3940000534057617
12 60000.0 50000.0 4100000.0         3.572999954223633
13 60000.0 50000.0 4350000.0 17811136.186691366 18674964.37871559 718607.9570548973 692480.9904480526 1035479.2792680231 2557611.581182644 6328343.095762517 5072860.086445954 3.9190001487731934
14 60000.0 50000.0 4600000.0 17802734.210706 18668977.74268313 710625.8084183936 686811.4786373038 1035479.550717813 2557609.3704237603 6328342.82431272 5072862.297205377 3.746999979019165
15 80000.0 50000.0 3600000.0         2.7249999046325684
16 80000.0 50000.0 3850000.0         3.3910000324249268
17 80000.0 50000.0 4100000.0         3.7750000953674316
18 80000.0 50000.0 4350000.0 16920610.382523663 17976892.315353584 714297.5444210961 691516.3086790531 2648397.636290072 4440715.258551241 7170032.197084365 5733246.964962441 3.8269999027252197
19 80000.0 50000.0 4600000.0 16912627.51586621 17970921.42873949 706713.5676110379 685867.3938498403 2648397.8897744752 4440707.371758599 7170031.943599923 5733254.851753452 3.7699999809265137
20 20000.0 75000.0 3600000.0         2.946000099182129
21 20000.0 75000.0 3850000.0         3.7799999713897705
22 20000.0 75000.0 4100000.0 22088758.59971543 21570575.726672273 908613.6120130093 906405.7177916479 0.0 0.0 2454607.4583434653 2543490.5558778713 3.864000082015991
23 20000.0 75000.0 4350000.0 22076513.403140847 21557844.974251814 896980.6752662795 894344.6378177024 0.0 0.0 2454607.4583434653 2543490.5558778713 3.7799999713897705
24 20000.0 75000.0 4600000.0 22065915.77019295 21545299.916876815 886912.9239635947 882459.4848271124 0.0 0.0 2454607.4583434653 2543490.5558778713 3.680999994277954
25 40000.0 75000.0 3600000.0         2.80400013923645
26 40000.0 75000.0 3850000.0 19531371.59926638  933703.419930575  0.0  4909214.9166870015  3.6560001373291016
27 40000.0 75000.0 4100000.0 19518951.31136528 18885367.344745297 921904.1464247431 905937.209361484 0.0 0.0 4909214.9166870015 5086981.111757141 3.880000114440918
28 40000.0 75000.0 4350000.0 19509275.863559186 18878964.193725727 912712.4710092264 899870.8816289013 0.0 0.0 4909214.9166870015 5086981.111757141 3.2130000591278076
29 40000.0 75000.0 4600000.0 19500730.7410772 18873829.655649543 904594.6046506256 895006.4343221701 0.0 0.0 4909214.9166870015 5086981.111757141 3.3269999027252197
30 60000.0 75000.0 3600000.0         3.4140000343322754
31 60000.0 75000.0 3850000.0 16966249.892479107  951445.2568258119  0.0  7363822.37503029  2.993000030517578
32 60000.0 75000.0 4100000.0 16957962.426905293 17631084.03850337 943572.1645296622 908922.9445817862 0.0 1352200.2527059203 7363822.37503029 6278271.41492419 3.998999834060669
33 60000.0 75000.0 4350000.0 16950758.23037074 17625929.579920433 936728.1778227141 904043.9875463882 0.0 1352195.88980124 7363822.37503029 6278275.777828607 3.7939999103546143
34 60000.0 75000.0 4600000.0 16944390.194861066 17620901.273404136 930678.54408677 899275.9087636695 0.0 1352200.1647666802 7363822.37503029 6278271.502863682 3.865000009536743
35 80000.0 75000.0 3600000.0         3.250999927520752
36 80000.0 75000.0 3850000.0 15859253.481663207  945875.6251627707  1408530.499734648  8409899.33363975  3.8499999046325684
37 80000.0 75000.0 4100000.0 15851705.451814318 16933107.851706795 938704.9398226759 907815.3881446614 1408530.5567173 3235537.637924759 8409899.27665724 6938424.585588721 3.8429999351501465
38 80000.0 75000.0 4350000.0 15845125.83616458 16927967.431464653 932454.3619387472 902946.6675792458 1408530.499734648 3235536.3384399596 8409899.33363975 6938425.885074084 4.127000093460083
39 80000.0 75000.0 4600000.0 15839309.789978268 16922951.689349037 926929.0159096755 898192.2771636497 1408530.60188408 3235538.828518559 8409899.23149037 6938423.394995363 3.186000108718872
40 20000.0 100000.0 3600000.0 22311826.77547999  1120528.3789886814  0.0  2454607.4583434653  3.689000129699707
41 20000.0 100000.0 3850000.0 22293054.39661361 21771351.635622066 1102694.6190643234 1096620.2638461036 0.0 0.0 2454607.4583434653 2543490.5558778713 3.9579999446868896
42 20000.0 100000.0 4100000.0 22276630.065591466 21759115.830029104 1087091.5045940843 1085028.095144858 0.0 0.0 2454607.4583434653 2543490.5558778713 3.202000141143799
43 20000.0 100000.0 4350000.0 22265283.95916933 21747493.198629156 1076312.703494332 1074016.8460010332 0.0 0.0 2454607.4583434653 2543490.5558778713 3.8349997997283936
44 20000.0 100000.0 4600000.0 22255530.447990745 21736096.473023895 1067046.8678735238 1063219.6193855673 0.0 0.0 2454607.4583434653 2543490.5558778713 3.930000066757202
45 40000.0 100000.0 3600000.0 19731678.402889587  1123994.883370072  0.0  4909214.9166870015  2.877000093460083
46 40000.0 100000.0 3850000.0 19716679.070479285 19085843.109203767 1109745.5175806645 1095867.3993597932 0.0 0.0 4909214.9166870015 5086981.111757141 3.9800000190734863
47 40000.0 100000.0 4100000.0 19704926.256927256 19073871.878260102 1098580.3447064648 1084525.8879545387 0.0 0.0 4909214.9166870015 5086981.111757141 4.021999835968018
48 40000.0 100000.0 4350000.0 19695960.87802665 19067159.067851186 1090063.2347509286 1078166.1897639018 0.0 0.0 4909214.9166870015 5086981.111757141 3.867000102996826
49 40000.0 100000.0 4600000.0 19688051.42990029 19062480.557012398 1082549.2590314627 1073733.7814155398 0.0 0.0 4909214.9166870015 5086981.111757141 3.390000104904175
50 60000.0 100000.0 3600000.0 17160635.38852426 16573223.524649996 1136111.4780650006 1107473.712783215 0.0 151435.33193232 7363822.37503029 7479036.33569731 3.8949999809265137
51 60000.0 100000.0 3850000.0 17149153.601652633 16567909.616087193 1125203.78053817 1102442.1533388542 0.0 151432.50896088 7363822.37503029 7479039.158668511 3.9260001182556152
52 60000.0 100000.0 4100000.0 17141456.835958913 16562983.45438738 1117891.853128507 1097774.556653742 0.0 151433.07354816 7363822.37503029 7479038.59408171 3.2130000591278076
53 60000.0 100000.0 4350000.0 17134761.45094862 16558486.116395714 1111531.2373688135 1093511.532577005 0.0 151435.33193232 7363822.37503029 7479036.33569731 3.890000104904175
54 60000.0 100000.0 4600000.0 17128851.52582024 16554083.66333011 1105916.8084981444 1089342.9189895706 0.0 151433.07354816 7363822.37503029 7479038.59408171 3.9700000286102295
55 80000.0 100000.0 3600000.0 14775611.335811595 15875156.259690419 1151488.567898515 1106147.0106577163 173457.51843737 2034905.5756482002 9644972.31493722 8139056.647864633 3.2130000591278076
56 80000.0 100000.0 3850000.0 14768072.244537732 15869867.28356718 1144326.324010257 1101137.7955490383 173457.62561835998 2034904.0292645998 9644972.207756333 8139058.194249601 3.934000015258789
57 80000.0 100000.0 4100000.0 14762443.383749845 15865082.972545795 1138978.9062596115 1096605.1523961485 173457.62561835998 2034904.0292645998 9644972.207756333 8139058.194249601 3.990000009536743
58 80000.0 100000.0 4350000.0 14757537.561658433 15860597.134149106 1134318.3086562671 1092353.9896579615 173457.69223545 2034905.3209914 9644972.14113927 8139056.902521794 3.184000015258789
59 80000.0 100000.0 4600000.0 14753211.619525725 15856205.041583808 1130208.8374290278 1088192.840321636 173457.51843737 2034905.4138668398 9644972.31493722 8139056.809647362 3.9519999027252197
60 20000.0 125000.0 3600000.0 22483473.690267336 21956182.97659648 1283592.9480340905 1271728.9698708963 0.0 0.0 2454607.4583434653 2543490.5558778713 4.071000099182129
61 20000.0 125000.0 3850000.0 22465827.15933031 21944551.118958067 1266828.7436441574 1260708.9798155208 0.0 0.0 2454607.4583434653 2543490.5558778713 3.188999891281128
62 20000.0 125000.0 4100000.0 22450376.191983704 21933177.899108805 1252150.3246668265 1249934.0224906674 0.0 0.0 2454607.4583434653 2543490.5558778713 4.188999891281128
63 20000.0 125000.0 4350000.0 22439437.189471044 21922338.316678453 1241758.2722792341 1239664.6317946215 0.0 0.0 2454607.4583434653 2543490.5558778713 4.11299991607666
64 20000.0 125000.0 4600000.0 22430277.183366746 21911757.35508547 1233056.266478271 1229640.2577744445 0.0 0.0 2454607.4583434653 2543490.5558778713 3.3400001525878906
65 40000.0 125000.0 3600000.0 19902517.763027184 19270466.715553004 1286292.275500686 1270779.2981739126 0.0 0.0 4909214.9166870015 5086981.111757141 4.085000038146973
66 40000.0 125000.0 3850000.0 19888372.675305746 19259077.20254734 1272854.4421663538 1259988.9047551542 0.0 0.0 4909214.9166870015 5086981.111757141 3.2860000133514404
67 40000.0 125000.0 4100000.0 19877055.54063746 19247916.634570893 1262103.1642328172 1249415.413233805 0.0 0.0 4909214.9166870015 5086981.111757141 4.074000120162964
68 40000.0 125000.0 4350000.0 19868578.389338206 19240901.185457405 1254049.8704980349 1242768.995962584 0.0 0.0 4909214.9166870015 5086981.111757141 4.1650002002716064
69 40000.0 125000.0 4600000.0 19861108.601577826 19236545.692875788 1246953.5721247566 1238642.6142218274 0.0 0.0 4909214.9166870015 5086981.111757141 3.294999837875366
70 60000.0 125000.0 3600000.0 17330141.017795995 16586334.307600584 1297141.8258733111 1271330.164531456 0.0 0.0 7363822.37503029 7630471.66762951 4.041000127792358
71 60000.0 125000.0 3850000.0 17319227.80262841 16581411.028842153 1286774.2714668615 1266665.863724967 0.0 0.0 7363822.37503029 7630471.66762951 3.190999984741211
72 60000.0 125000.0 4100000.0 17311797.601713426 16576806.499254385 1279715.5805979695 1262303.545011663 0.0 0.0 7363822.37503029 7630471.66762951 4.125999927520752
73 60000.0 125000.0 4350000.0 17305450.94138355 16572641.793540271 1273686.2532841356 1258357.9142260505 0.0 0.0 7363822.37503029 7630471.66762951 4.174999952316284
74 60000.0 125000.0 4600000.0 17299856.474107206 16568564.534286384 1268371.509371917 1254495.1299784784 0.0 0.0 7363822.37503029 7630471.66762951 3.2909998893737793
75 80000.0 125000.0 3600000.0 14764806.106511075 14793825.93846709 1314681.1184999896 1279259.9021978665 0.0 837343.30029516 9818429.833374482 9336618.92321772 4.2209999561309814
76 80000.0 125000.0 3850000.0 14757684.85206728 14789111.511466542 1307915.9267819144 1274798.138169292 0.0 837338.629098 9818429.833374482 9336623.59441632 3.194999933242798
77 80000.0 125000.0 4100000.0 14752508.58377735 14784810.565708652 1302998.471905356 1270717.951978419 0.0 837344.11105908 9818429.833374482 9336618.112454882 4.168999910354614
78 80000.0 125000.0 4350000.0 14747993.050532933 14780800.428420031 1298708.715323413 1266922.9562859128 0.0 837339.9136726799 9818429.833374482 9336622.30984187 3.200000047683716
79 80000.0 125000.0 4600000.0 14744017.39688544 14776860.928117301 1294931.844358383 1263187.496746907 0.0 837343.1014190401 9818429.833374482 9336619.12209528 4.117000102996826
