 A V P E_backup_full E_backup_repr E_loss_stor_full E_loss_stor_repr E_curt_full E_curt_repr E_sol_full E_sol_repr t_repr
0 20000.0 50000.0 3600000.0         4.130000114440918
1 20000.0 50000.0 3850000.0         4.669999837875366
2 20000.0 50000.0 4100000.0         4.134999990463257
3 20000.0 50000.0 4350000.0 16592380.836997658 16122684.270152507 720636.8058188369 702730.8196341323 75397.595537396 0.0 6658570.484883834 6728266.656948661 7.084000110626221
4 20000.0 50000.0 4600000.0 16585038.744825438 16114040.7039645 713294.7136478272 694087.2534464875 75397.595537396 0.0 6658570.484883834 6728266.656948661 6.177000045776367
5 40000.0 50000.0 3600000.0         6.734999895095825
6 40000.0 50000.0 3850000.0         5.208999872207642
7 40000.0 50000.0 4100000.0 14027214.641901145 12334705.2694587 709087.3188457013 715775.9929913054 4255748.9678347325 2927242.482868083 9212187.19300798 10529290.831031468 5.9040000438690186
8 40000.0 50000.0 4350000.0 14021212.744126163 12325464.537525529 703085.4210683812 706550.4957140655 4255748.9678347325 2927227.2482100036 9212187.19300798 10529306.065688668 5.134999990463257
9 40000.0 50000.0 4600000.0 14017958.597951574 12321402.74341274 699831.2748941265 702474.3420774416 4255748.9678347325 2927241.607731472 9212187.19300798 10529291.706166668 6.233999967575073
10 60000.0 50000.0 3600000.0         4.17900013923645
11 60000.0 50000.0 3850000.0 12226730.50313483 10839681.9790178 704325.326430931 716569.0595365083 9193994.901906958 8159692.782833524 11007909.339356776 12025107.188011693 4.9019999504089355
12 60000.0 50000.0 4100000.0 12222459.576220773 10830548.7317215 700054.3995160435 707367.7970420872 9193994.901906958 8159760.798037604 11007909.339356776 12025039.172808075 4.708999872207642
13 60000.0 50000.0 4350000.0 12219501.072566815 10826345.146855839 697095.8958600254 703174.497388225 9193994.901906958 8159750.512817022 11007909.339356776 12025049.458029907 4.636999845504761
14 60000.0 50000.0 4600000.0 12216898.182801396 10825009.435185941 694493.0060953507 701852.3023298471 9193994.901906958 8159736.996216523 11007909.339356776 12025062.974629356 5.497999906539917
15 80000.0 50000.0 3600000.0  10781117.658244522  706126.111004622  14839838.067551365  12073228.560247434 5.340000152587891
16 80000.0 50000.0 3850000.0 10940857.160636373 9366517.93422373 696920.0748667055 708238.3924533982 14649494.891399235 13423126.062062176 12286377.430286905 13489940.565735294 4.697999954223633
17 80000.0 50000.0 4100000.0 10937984.567826312 9362270.984040966 694047.4820560425 703968.8212325666 14649494.891399235 13423148.683105512 12286377.430286905 13489917.944693113 4.854000091552734
18 80000.0 50000.0 4350000.0 10935465.780757817 9362025.96343273 691528.694986766 703697.8140254142 14649494.891399235 13423174.669704773 12286377.430286905 13489891.95809266 4.781000137329102
19 80000.0 50000.0 4600000.0 10933258.05341923 9361820.20896071 689320.9232587955 703505.3328018315 14649494.935789015 13423161.39645539 12286377.385897128 13489905.231342005 4.680999994277954
20 20000.0 75000.0 3600000.0         4.615999937057495
21 20000.0 75000.0 3850000.0 16730294.266034873 16335456.54169404 933947.8303922749 915503.0911681454 0.0 0.0 6733968.080421236 6728266.656948661 5.077999830245972
22 20000.0 75000.0 4100000.0 16721854.474449845 16327004.397264283 925508.0388079395 907050.946739729 0.0 0.0 6733968.080421236 6728266.656948661 5.784999847412109
23 20000.0 75000.0 4350000.0 16714516.528060105 16318682.607038401 918170.0924179419 898729.1565096426 0.0 0.0 6733968.080421236 6728266.656948661 5.775000095367432
24 20000.0 75000.0 4600000.0 16708032.928895695 16311078.095946088 911686.4932547624 891124.6454211116 0.0 0.0 6733968.080421236 6728266.656948661 6.198999881744385
25 40000.0 75000.0 3600000.0 13011181.561889742 11297133.8833824 938164.9969031352 942765.6039678956 3010638.209766237 1662681.485815433 10457297.951076578 11793851.828083118 5.682999849319458
26 40000.0 75000.0 3850000.0 13004951.649977373 11289013.517956033 931935.0849920593 934644.1766891388 3010638.209766237 1662682.547672473 10457297.951076578 11793850.766226048 5.489999771118164
27 40000.0 75000.0 4100000.0 12999509.11165627 11280990.914925301 926492.5466708048 926623.6724780207 3010638.209766237 1662680.4488472529 10457297.951076578 11793852.865051597 5.90500020980835
28 40000.0 75000.0 4350000.0 12995037.301928 11273049.1684402 922020.7369419056 918681.898639658 3010638.209766237 1662680.4762018824 10457297.951076578 11793852.837695979 7.394999980926514
29 40000.0 75000.0 4600000.0 12992854.275155906 11268848.965810653 919837.7101683369 914484.7572630207 3010638.209766237 1662677.4149454029 10457297.951076578 11793855.898952158 6.621999979019165
30 60000.0 75000.0 3600000.0 11177828.837460622 9793132.447291201 924867.2009509351 935085.227083436 7924551.36171202 6894627.083572527 12277352.879552178 13290172.887271432 6.430999994277954
31 60000.0 75000.0 3850000.0 11172933.07150039 9785209.3634742 919971.4349917602 927194.3626065856 7924551.36171202 6894594.864227757 12277352.879552178 13290205.106618082 6.508000135421753
32 60000.0 75000.0 4100000.0 11169936.925297087 9777359.946526501 916975.2887881371 919353.3300177593 7924551.36171202 6894586.479877512 12277352.879552178 13290213.490968285 5.4670000076293945
33 60000.0 75000.0 4350000.0 11168045.1950497 9774470.47326792 915083.5585407336 916446.0613455982 7924551.36171202 6894604.275280285 12277352.879552178 13290195.695566384 5.209000110626221
34 60000.0 75000.0 4600000.0 11166387.476091474 9774268.07415797 913425.8395829116 916267.588832398 7924551.36171202 6894580.348682904 12277352.879552178 13290219.622162644 5.4720001220703125
35 80000.0 75000.0 3600000.0 9884990.89350674 8321262.73231752 915229.1709296823 928692.417558891 13375319.528203664 12157416.835059932 13560552.79348106 14755649.792736035 6.210999965667725
36 80000.0 75000.0 3850000.0 9882161.85214294 8317353.667380726 912400.1295660993 924774.0019327545 13375319.528203664 12157426.185746295 13560552.79348106 14755640.442050198 5.985000133514404
37 80000.0 75000.0 4100000.0 9880375.796248123 8315376.912362247 910614.073671583 922826.9895922687 13375319.528203664 12157396.443065489 13560552.79348106 14755670.184731541 5.009999990463257
38 80000.0 75000.0 4350000.0 9878814.222477587 8315224.12794706 909052.499901102 922654.4051635199 13375319.528203664 12157416.243074428 13560552.79348106 14755650.384722214 5.13100004196167
39 80000.0 75000.0 4600000.0 9877453.835995076 8315098.41629683 907692.1134182368 922562.758211967 13375319.528203664 12157382.178381592 13560552.79348106 14755684.449413871 6.870000123977661
40 20000.0 100000.0 3600000.0 16916857.02339592 16518391.905233564 1120510.5877544046 1098438.4547085345 0.0 0.0 6733968.080421236 6728266.656948661 5.25600004196167
41 20000.0 100000.0 3850000.0 16905751.012679726 16510553.73922232 1109404.57703877 1090600.2886989005 0.0 0.0 6733968.080421236 6728266.656948661 6.70199990272522
42 20000.0 100000.0 4100000.0 16897919.992521748 16502861.522237811 1101573.556882179 1082908.071713192 0.0 0.0 6733968.080421236 6728266.656948661 5.352999925613403
43 20000.0 100000.0 4350000.0 16891104.470962238 16495289.84901168 1094758.0353217414 1075336.3984842098 0.0 0.0 6733968.080421236 6728266.656948661 5.42300009727478
44 20000.0 100000.0 4600000.0 16885090.14739283 16488375.80916174 1088743.711754062 1068422.3586369727 0.0 0.0 6733968.080421236 6728266.656948661 4.587000131607056
45 40000.0 100000.0 3600000.0 11968222.640384307 10230990.443461701 1134788.5434371226 1133422.6534168825 1771055.7417248832 405880.99644753005 11696880.419118332 13050652.31745042 5.036999940872192
46 40000.0 100000.0 3850000.0 11963713.620577913 10223748.2282391 1130279.5236317043 1126180.7179942094 1771055.7417248832 405880.71664653 11696880.419118332 13050652.597251782 5.457000017166138
47 40000.0 100000.0 4100000.0 11959775.39540514 10216578.753930999 1126341.2984588658 1119011.159473794 1771055.7417248832 405880.8008631301 11696880.419118332 13050652.513034342 5.369999885559082
48 40000.0 100000.0 4350000.0 11956408.159510292 10209593.59750962 1122974.0625637057 1112027.7055316858 1771055.7417248832 405879.09838149004 11696880.419118332 13050654.21551682 5.007999897003174
49 40000.0 100000.0 4600000.0 11954924.51974018 10207518.966220612 1121490.422794401 1109950.2699036456 1771055.7417248832 405881.90271681006 11696880.419118332 13050651.41118126 5.615999937057495
50 60000.0 100000.0 3600000.0 10113583.116880018 8727252.24098094 1119444.3638622146 1123357.2484988624 6665728.478216697 5640474.855851489 13536175.763047313 14544325.114994012 5.894000053405762
51 60000.0 100000.0 3850000.0 10110091.843874 8722103.241454428 1115953.0908581968 1118224.1140731946 6665728.478216697 5640458.990750387 13536175.763047313 14544340.980095673 6.026000022888184
52 60000.0 100000.0 4100000.0 10107981.333933596 8718599.55492489 1113842.5809170608 1114683.0226909614 6665728.478216697 5640496.395595623 13536175.763047313 14544303.575249286 5.58899998664856
53 60000.0 100000.0 4350000.0 10106787.662383767 8716598.991530513 1112648.9093675807 1112705.4627452397 6665728.478216697 5640473.39215104 13536175.763047313 14544326.578694748 6.0279998779296875
54 60000.0 100000.0 4600000.0 10105748.71579409 8716463.2533623 1111609.9627773915 1112580.6598321453 6665728.478216697 5640462.456895482 13536175.763047313 14544337.513948876 5.7790000438690186
55 80000.0 100000.0 3600000.0 8816835.838206079 7261900.111906921 1110392.7454685909 1124066.1950484384 12112000.89836377 10902680.437160237 14823871.423321364 16010386.190636817 4.621999979019165
56 80000.0 100000.0 3850000.0 8814912.70583274 7258660.032408929 1108469.6130966144 1120890.7964830939 12112000.89836377 10902615.756220056 14823871.423321364 16010450.871577492 4.733000040054321
57 80000.0 100000.0 4100000.0 8813826.596138176 7257524.452116951 1107383.5034013428 1119724.0219445573 12112000.89836377 10902646.950474065 14823871.423321364 16010419.677323459 4.687000036239624
58 80000.0 100000.0 4350000.0 8812883.430199016 7257316.45431353 1106440.3374622066 1119483.1467303664 12112000.89836377 10902679.82788023 14823871.423321364 16010386.799918775 4.546999931335449
59 80000.0 100000.0 4600000.0 8812069.259839317 7257131.0635098 1105626.1671020759 1119307.6041833893 12112000.89836377 10902669.979624523 14823871.423321364 16010396.648170354 4.5299999713897705
60 20000.0 125000.0 3600000.0 17079087.392741144 16680665.305544574 1282740.9570999786 1260711.855023575 0.0 0.0 6733968.080421236 6728266.656948661 5.177999973297119
61 20000.0 125000.0 3850000.0 17068396.30532876 16672634.30407527 1272049.8696881905 1252680.8535481326 0.0 0.0 6733968.080421236 6728266.656948661 5.16100001335144
62 20000.0 125000.0 4100000.0 17060982.734222043 16665481.000539478 1264636.2985831425 1245527.5500155082 0.0 0.0 6733968.080421236 6728266.656948661 5.270999908447266
63 20000.0 125000.0 4350000.0 17054525.562438242 16658442.5800826 1258179.12679761 1238489.1295563742 0.0 0.0 6733968.080421236 6728266.656948661 5.944999933242798
64 20000.0 125000.0 4600000.0 17048834.185390234 16652017.56408494 1252487.7497516617 1232064.1135607408 0.0 0.0 6733968.080421236 6728266.656948661 5.889999866485596
65 40000.0 125000.0 3600000.0 10918099.56935001 9992678.8151822 1321258.8149009892 1300992.0215855755 534462.39922654 0.0 12933473.761616165 13456533.313898312 5.809000015258789
66 40000.0 125000.0 3850000.0 10914860.523922857 9985984.847966129 1318019.7694743949 1294298.0543684978 534462.39922654 0.0 12933473.761616165 13456533.313898312 5.670000076293945
67 40000.0 125000.0 4100000.0 10912033.53489301 9979355.27818102 1315192.7804456016 1287668.4845829664 534462.39922654 0.0 12933473.761616165 13456533.313898312 5.318000078201294
68 40000.0 125000.0 4350000.0 10909573.33966669 9974157.99979128 1312732.585218712 1282471.2061925677 534462.39922654 0.0 12933473.761616165 13456533.313898312 5.13100004196167
69 40000.0 125000.0 4600000.0 10908525.127930516 9971997.433381222 1311684.3734838795 1280310.639777132 534462.39922654 0.0 12933473.761616165 13456533.313898312 6.17900013923645
70 60000.0 125000.0 3600000.0 9043713.278936306 7658773.721048502 1301942.7488494941 1301782.822919892 5413360.255281735 4393570.761488283 14788543.985982932 15791229.209355755 5.729000091552734
71 60000.0 125000.0 3850000.0 9041275.039937453 7655664.159418319 1299504.509852805 1298668.1514887805 5413360.255281735 4393575.871296347 14788543.985982932 15791224.099551551 6.518999814987183
72 60000.0 125000.0 4100000.0 9039804.63735186 7652679.706254672 1298034.1072674468 1295680.122438969 5413360.255281735 4393579.4471741235 14788543.985982932 15791220.523670383 6.1000001430511475
73 60000.0 125000.0 4350000.0 9039086.14362512 7652025.08787574 1297315.613539399 1295022.1373294138 5413360.255281735 4393582.813913898 14788543.985982932 15791217.1569318 5.795000076293945
74 60000.0 125000.0 4600000.0 9038468.400781337 7651833.790098519 1296697.870696064 1294832.2963226438 5413360.255281735 4393581.357138677 14788543.985982932 15791218.613705711 5.078000068664551
75 80000.0 125000.0 3600000.0 7743291.793046667 6197535.64418736 1292432.131283506 1307002.4144085362 10856417.46738251 9655379.750081042 16079454.85430114 17257686.87771556 4.604000091552734
76 80000.0 125000.0 3850000.0 7742030.960863632 6197354.46425249 1291171.29833199 1306837.2164717172 10856417.468150977 9655363.768082041 16079454.853532664 17257702.859714486 4.763000011444092
77 80000.0 125000.0 4100000.0 7741405.680823271 6197195.396377371 1290546.018292737 1306718.371420933 10856417.468150977 9655323.54525672 16079454.853532664 17257743.08253898 5.287999868392944
78 80000.0 125000.0 4350000.0 7740872.769040685 6197054.620559991 1290013.1065098008 1306526.7279055002 10856417.468150977 9655374.41294559 16079454.853532664 17257692.214852452 5.680000066757202
79 80000.0 125000.0 4600000.0 7740420.480863705 6196929.15281649 1289560.8183322155 1306396.523099312 10856417.468150977 9655379.150017481 16079454.853532664 17257687.47777886 6.712000131607056
