 A V P E_backup_full E_backup_repr E_loss_stor_full E_loss_stor_repr E_curt_full E_curt_repr E_sol_full E_sol_repr t_repr
0 20000.0 50000.0 3600000.0         4.564000129699707
1 20000.0 50000.0 3850000.0         3.365999937057495
2 20000.0 50000.0 4100000.0         3.6679999828338623
3 20000.0 50000.0 4350000.0  22200911.290050436  680399.9893679182  0.0  2432040.827865737 5.125999927520752
4 20000.0 50000.0 4600000.0 21854538.057617407 22191895.168239616 686104.0970168937 671858.1402788142 0.0 0.0 2454607.4583434653 2432040.827865737 3.577000141143799
5 40000.0 50000.0 3600000.0         4.572000026702881
6 40000.0 50000.0 3850000.0         3.495999813079834
7 40000.0 50000.0 4100000.0         3.3340001106262207
8 40000.0 50000.0 4350000.0 19302437.06376168 19642521.9077137 716215.6111994324 688629.7256914289 0.0 0.0 4909214.9166870015 4864081.65572999 5.170000076293945
9 40000.0 50000.0 4600000.0 19292852.736871768 19633906.40453206 707110.500652589 680467.4215909782 0.0 0.0 4909214.9166870015 4864081.65572999 3.6010000705718994
10 60000.0 50000.0 3600000.0         4.7159998416900635
11 60000.0 50000.0 3850000.0         3.4489998817443848
12 60000.0 50000.0 4100000.0         3.309000015258789
13 60000.0 50000.0 4350000.0 17811136.186691366 17111674.36129872 718607.9570548973 722952.5219012904 1035479.2792680231 0.0 6328343.095762517 7296122.48360132 5.111000061035156
14 60000.0 50000.0 4600000.0 17802734.210706 17104132.61465766 710625.8084183936 715807.4918086154 1035479.550717813 0.0 6328342.82431272 7296122.48360132 3.573000192642212
15 80000.0 50000.0 3600000.0         4.5920000076293945
16 80000.0 50000.0 3850000.0         3.38700008392334
17 80000.0 50000.0 4100000.0         3.3429999351501465
18 80000.0 50000.0 4350000.0 16920610.382523663 16864191.15579907 714297.5444210961 713905.9191886213 2648397.636290072 2206622.51973375 7170032.197084365 7521540.791723739 5.069000005722046
19 80000.0 50000.0 4600000.0 16912627.51586621 16856888.688420817 706713.5676110379 706983.8680139862 2648397.8897744752 2206626.23333319 7170031.943599923 7521537.078124 3.6130001544952393
20 20000.0 75000.0 3600000.0         4.660999774932861
21 20000.0 75000.0 3850000.0  22452457.876230184  918714.5359464147  0.0  2432040.827865737 3.6489999294281006
22 20000.0 75000.0 4100000.0 22088758.59971543 22430256.093588337 908613.6120130093 897680.6278926618 0.0 0.0 2454607.4583434653 2432040.827865737 3.6669998168945312
23 20000.0 75000.0 4350000.0 22076513.403140847 22413594.880354375 896980.6752662795 881895.840114476 0.0 0.0 2454607.4583434653 2432040.827865737 5.187999963760376
24 20000.0 75000.0 4600000.0 22065915.77019295 22404743.415862016 886912.9239635947 873509.9869212983 0.0 0.0 2454607.4583434653 2432040.827865737 3.633000135421753
25 40000.0 75000.0 3600000.0         4.852999925613403
26 40000.0 75000.0 3850000.0 19531371.59926638 19888466.915611077 933703.419930575 921637.3523438732 0.0 0.0 4909214.9166870015 4864081.65572999 3.624000072479248
27 40000.0 75000.0 4100000.0 19518951.31136528 19870908.07041607 921904.1464247431 905002.1505101502 0.0 0.0 4909214.9166870015 4864081.65572999 3.5940001010894775
28 40000.0 75000.0 4350000.0 19509275.863559186 19853891.13783 912712.4710092264 888880.3552000781 0.0 0.0 4909214.9166870015 4864081.65572999 3.61899995803833
29 40000.0 75000.0 4600000.0 19500730.7410772 19845064.72025785 904594.6046506256 880518.231387036 0.0 0.0 4909214.9166870015 4864081.65572999 3.632999897003174
30 60000.0 75000.0 3600000.0         4.763999938964844
31 60000.0 75000.0 3850000.0 16966249.892479107 17344128.16584047 951445.2568258119 943178.6194641688 0.0 0.0 7363822.37503029 7296122.48360132 3.5989999771118164
32 60000.0 75000.0 4100000.0 16957962.426905293 17327872.28310501 943572.1645296622 927777.840696779 0.0 0.0 7363822.37503029 7296122.48360132 5.240999937057495
33 60000.0 75000.0 4350000.0 16950758.23037074 17316369.085549157 936728.1778227141 916879.7428485703 0.0 0.0 7363822.37503029 7296122.48360132 3.686000108718872
34 60000.0 75000.0 4600000.0 16944390.194861066 17309175.814138193 930678.54408677 910064.85723632 0.0 0.0 7363822.37503029 7296122.48360132 3.5969998836517334
35 80000.0 75000.0 3600000.0  16975954.27111611  974429.1335065757  2051983.374662193  7676179.93679674 5.246000051498413
36 80000.0 75000.0 3850000.0 15859253.481663207 15792348.152303232 945875.6251627707 964016.2373578353 1408530.499734648 941051.0766093599 8409899.33363975 8787112.23484909 3.5429999828338623
37 80000.0 75000.0 4100000.0 15851705.451814318 15780985.965830326 938704.9398226759 953256.1391106956 1408530.5567173 941046.6705234001 8409899.27665724 8787116.64093469 5.187999963760376
38 80000.0 75000.0 4350000.0 15845125.83616458 15769873.683491562 932454.3619387472 942788.0444523919 1408530.499734648 940987.0193385 8409899.33363975 8787176.292118255 3.684999942779541
39 80000.0 75000.0 4600000.0 15839309.789978268 15762997.582518509 926929.0159096755 936229.5602135283 1408530.60188408 941031.1043656501 8409899.23149037 8787132.207091542 3.568000078201294
40 20000.0 100000.0 3600000.0 22311826.77547999 22663912.201938417 1120528.3789886814 1119045.7848073803 0.0 0.0 2454607.4583434653 2432040.827865737 5.134999990463257
41 20000.0 100000.0 3850000.0 22293054.39661361 22640152.885997865 1102694.6190643234 1096536.2739795826 0.0 0.0 2454607.4583434653 2432040.827865737 3.615000009536743
42 20000.0 100000.0 4100000.0 22276630.065591466 22619330.37395829 1087091.5045940843 1076809.083115289 0.0 0.0 2454607.4583434653 2432040.827865737 3.616999864578247
43 20000.0 100000.0 4350000.0 22265283.95916933 22604124.9536539 1076312.703494332 1062403.5095780566 0.0 0.0 2454607.4583434653 2432040.827865737 5.301000118255615
44 20000.0 100000.0 4600000.0 22255530.447990745 22595271.48591843 1067046.8678735238 1054015.7585100322 0.0 0.0 2454607.4583434653 2432040.827865737 3.6529998779296875
45 40000.0 100000.0 3600000.0 19731678.402889587 20098356.446961813 1123994.883370072 1120486.1193019825 0.0 0.0 4909214.9166870015 4864081.65572999 5.2769999504089355
46 40000.0 100000.0 3850000.0 19716679.070479285 20075005.910479575 1109745.5175806645 1098363.8850152532 0.0 0.0 4909214.9166870015 4864081.65572999 3.569000005722046
47 40000.0 100000.0 4100000.0 19704926.256927256 20059010.36535738 1098580.3447064648 1083209.7493899732 0.0 0.0 4909214.9166870015 4864081.65572999 3.5119998455047607
48 40000.0 100000.0 4350000.0 19695960.87802665 20043512.72109758 1090063.2347509286 1068527.3236775491 0.0 0.0 4909214.9166870015 4864081.65572999 5.206000089645386
49 40000.0 100000.0 4600000.0 19688051.42990029 20034425.210432593 1082549.2590314627 1059917.8409726925 0.0 0.0 4909214.9166870015 4864081.65572999 3.6569998264312744
50 60000.0 100000.0 3600000.0 17160635.38852426 17543499.929447394 1136111.4780650006 1132062.8820829655 0.0 0.0 7363822.37503029 7296122.48360132 3.6019999980926514
51 60000.0 100000.0 3850000.0 17149153.601652633 17527656.347794045 1125203.78053817 1117052.7162307273 0.0 0.0 7363822.37503029 7296122.48360132 5.32699990272522
52 60000.0 100000.0 4100000.0 17141456.835958913 17512322.365997776 1117891.853128507 1102525.3438877335 0.0 0.0 7363822.37503029 7296122.48360132 3.6090002059936523
53 60000.0 100000.0 4350000.0 17134761.45094862 17501572.8763377 1111531.2373688135 1092341.3068339135 0.0 0.0 7363822.37503029 7296122.48360132 5.278000116348267
54 60000.0 100000.0 4600000.0 17128851.52582024 17494536.93125706 1105916.8084981444 1085675.4717464044 0.0 0.0 7363822.37503029 7296122.48360132 3.7059998512268066
55 80000.0 100000.0 3600000.0 14775611.335811595 15014087.362230416 1151488.567898515 1167745.1736756698 173457.51843737 0.0 9644972.31493722 9728163.31145719 3.578000068664551
56 80000.0 100000.0 3850000.0 14768072.244537732 15003716.115618095 1144326.324010257 1157919.4830480153 173457.62561835998 0.0 9644972.207756333 9728163.31145719 5.414000034332275
57 80000.0 100000.0 4100000.0 14762443.383749845 14993592.249145526 1138978.9062596115 1148328.1596879372 173457.62561835998 0.0 9644972.207756333 9728163.31145719 3.5810000896453857
58 80000.0 100000.0 4350000.0 14757537.561658433 14983672.99749006 1134318.3086562671 1138930.6878465065 173457.69223545 0.0 9644972.14113927 9728163.31145719 3.5859999656677246
59 80000.0 100000.0 4600000.0 14753211.619525725 14977029.329458041 1130208.8374290278 1132636.494959305 173457.51843737 0.0 9644972.31493722 9728163.31145719 5.358999967575073
60 20000.0 125000.0 3600000.0 22483473.690267336 22835707.737411592 1283592.9480340905 1281804.4044385634 0.0 0.0 2454607.4583434653 2432040.827865737 3.6080000400543213
61 20000.0 125000.0 3850000.0 22465827.15933031 22813606.61750862 1266828.7436441574 1260865.8639880111 0.0 0.0 2454607.4583434653 2432040.827865737 3.626999855041504
62 20000.0 125000.0 4100000.0 22450376.191983704 22793728.551819116 1252150.3246668265 1242033.4390109468 0.0 0.0 2454607.4583434653 2432040.827865737 5.446000099182129
63 20000.0 125000.0 4350000.0 22439437.189471044 22779557.73585923 1241758.2722792341 1228608.046788157 0.0 0.0 2454607.4583434653 2432040.827865737 3.6589999198913574
64 20000.0 125000.0 4600000.0 22430277.183366746 22770638.554831892 1233056.266478271 1220158.039115057 0.0 0.0 2454607.4583434653 2432040.827865737 3.6530001163482666
65 40000.0 125000.0 3600000.0 19902517.763027184 20269910.109412793 1286292.275500686 1283015.5891064457 0.0 0.0 4909214.9166870015 4864081.65572999 5.378999948501587
66 40000.0 125000.0 3850000.0 19888372.675305746 20247947.11540248 1272854.4421663538 1262207.908747943 0.0 0.0 4909214.9166870015 4864081.65572999 3.616999864578247
67 40000.0 125000.0 4100000.0 19877055.54063746 20232684.15476536 1262103.1642328172 1247747.821655876 0.0 0.0 4909214.9166870015 4864081.65572999 3.6449999809265137
68 40000.0 125000.0 4350000.0 19868578.389338206 20218262.42720597 1254049.8704980349 1234084.7164773925 0.0 0.0 4909214.9166870015 4864081.65572999 5.41700005531311
69 40000.0 125000.0 4600000.0 19861108.601577826 20209067.33079921 1246953.5721247566 1225373.3073441405 0.0 0.0 4909214.9166870015 4864081.65572999 3.57099986076355
70 60000.0 125000.0 3600000.0 17330141.017795995 17712785.92938905 1297141.8258733111 1292443.9746298532 0.0 0.0 7363822.37503029 7296122.48360132 3.552000045776367
71 60000.0 125000.0 3850000.0 17319227.80262841 17698014.97845452 1286774.2714668615 1278450.0161819085 0.0 0.0 7363822.37503029 7296122.48360132 5.455999851226807
72 60000.0 125000.0 4100000.0 17311797.601713426 17683725.285468582 1279715.5805979695 1264912.0001973694 0.0 0.0 7363822.37503029 7296122.48360132 3.5799999237060547
73 60000.0 125000.0 4350000.0 17305450.94138355 17673049.813760318 1273686.2532841356 1254798.0875473195 0.0 0.0 7363822.37503029 7296122.48360132 3.6070001125335693
74 60000.0 125000.0 4600000.0 17299856.474107206 17666085.281976864 1268371.509371917 1248199.909227893 0.0 0.0 7363822.37503029 7296122.48360132 5.468000173568726
75 80000.0 125000.0 3600000.0 14764806.106511075 15179893.765426595 1314681.1184999896 1324829.7057998802 0.0 0.0 9818429.833374482 9728163.31145719 3.5889999866485596
76 80000.0 125000.0 3850000.0 14757684.85206728 15170230.742459627 1307915.9267819144 1315674.984314642 0.0 0.0 9818429.833374482 9728163.31145719 3.555999994277954
77 80000.0 125000.0 4100000.0 14752508.58377735 15160802.075013092 1302998.471905356 1306742.2906077614 0.0 0.0 9818429.833374482 9728163.31145719 5.521000146865845
78 80000.0 125000.0 4350000.0 14747993.050532933 15151567.267263273 1298708.715323413 1297993.2590457 0.0 0.0 9818429.833374482 9728163.31145719 3.575000047683716
79 80000.0 125000.0 4600000.0 14744017.39688544 15145006.343088515 1294931.844358383 1291777.4574671586 0.0 0.0 9818429.833374482 9728163.31145719 3.6740000247955322
