 A V P E_backup_full E_backup_repr E_loss_stor_full E_loss_stor_repr E_curt_full E_curt_repr E_sol_full E_sol_repr t_repr
0 20000.0 50000.0 3600000.0         4.963000059127808
1 20000.0 50000.0 3850000.0         5.866999864578247
2 20000.0 50000.0 4100000.0         5.698999881744385
3 20000.0 50000.0 4350000.0 16592380.836997658  720636.8058188369  75397.595537396  6658570.484883834  7.897000074386597
4 20000.0 50000.0 4600000.0 16585038.744825438 16574128.31813987 713294.7136478272 711355.371174628 75397.595537396 360909.12319116 6658570.484883834 6469176.561148887 7.367000102996826
5 40000.0 50000.0 3600000.0         6.352999925613403
6 40000.0 50000.0 3850000.0         5.671000003814697
7 40000.0 50000.0 4100000.0 14027214.641901145  709087.3188457013  4255748.9678347325  9212187.19300798  5.693000078201294
8 40000.0 50000.0 4350000.0 14021212.744126163  703085.4210683812  4255748.9678347325  9212187.19300798  6.431999921798706
9 40000.0 50000.0 4600000.0 14017958.597951574 13797258.687874772 699831.2748941265 700748.1597382663 4255748.9678347325 4424732.388701149 9212187.19300798 9235438.9799812 6.615000009536743
10 60000.0 50000.0 3600000.0         6.504999876022339
11 60000.0 50000.0 3850000.0 12226730.50313483  704325.326430931  9193994.901906958  11007909.339356776  5.384999990463257
12 60000.0 50000.0 4100000.0 12222459.576220773  700054.3995160435  9193994.901906958  11007909.339356776  5.210999965667725
13 60000.0 50000.0 4350000.0 12219501.072566815 12257225.635646665 697095.8958600254 696661.259630157 9193994.901906958 9718871.920925861 11007909.339356776 10771385.132093638 5.727999925613403
14 60000.0 50000.0 4600000.0 12216898.182801396 12140375.279362254 694493.0060953507 693478.5480631102 9193994.901906958 9605204.27620636 11007909.339356776 10885052.776813248 5.460000038146973
15 80000.0 50000.0 3600000.0         4.9090001583099365
16 80000.0 50000.0 3850000.0 10940857.160636373  696920.0748667055  14649494.891399235  12286377.430286905  5.615999937057495
17 80000.0 50000.0 4100000.0 10937984.567826312  694047.4820560425  14649494.891399235  12286377.430286905  5.632999897003174
18 80000.0 50000.0 4350000.0 10935465.780757817 10490284.63817302 691528.694986766 694510.8812662533 14649494.891399235 14784166.986161554 12286377.430286905 12536175.751201794 6.055999994277954
19 80000.0 50000.0 4600000.0 10933258.05341923 10486674.616084697 689320.9232587955 690872.407278805 14649494.935789015 14784195.438066686 12286377.385897128 12536147.299296273 6.3480000495910645
20 20000.0 75000.0 3600000.0         5.442999839782715
21 20000.0 75000.0 3850000.0 16730294.266034873  933947.8303922749  0.0  6733968.080421236  6.076000213623047
22 20000.0 75000.0 4100000.0 16721854.474449845 16425062.309344934 925508.0388079395 923198.4855701223 0.0 0.0 6733968.080421236 6830085.684339775 7.622999906539917
23 20000.0 75000.0 4350000.0 16714516.528060105 16419936.099444 918170.0924179419 918072.2756652803 0.0 0.0 6733968.080421236 6830085.684339775 7.261000156402588
24 20000.0 75000.0 4600000.0 16708032.928895695 16415036.065825602 911686.4932547624 913172.2420518908 0.0 0.0 6733968.080421236 6830085.684339775 6.953000068664551
25 40000.0 75000.0 3600000.0 13011181.561889742  938164.9969031352  3010638.209766237  10457297.951076578  5.29800009727478
26 40000.0 75000.0 3850000.0 13004951.649977373 12764677.043011239 931935.0849920593 931380.1714381585 3010638.209766237 3161518.732152288 10457297.951076578 10498652.636531262 5.986000061035156
27 40000.0 75000.0 4100000.0 12999509.11165627 12759126.2746467 926492.5466708048 926450.2697854856 3010638.209766237 3160897.8654384227 10457297.951076578 10499273.503243867 5.744999885559082
28 40000.0 75000.0 4350000.0 12995037.301928 12754634.33484599 922020.7369419056 921956.7035200363 3010638.209766237 3160899.491899604 10457297.951076578 10499271.87678285 7.382000207901001
29 40000.0 75000.0 4600000.0 12992854.275155906 12750681.2153878 919837.7101683369 917997.667503367 3010638.209766237 3160905.408465878 10457297.951076578 10499265.960217793 5.7790000438690186
30 60000.0 75000.0 3600000.0 11177828.837460622  924867.2009509351  7924551.36171202  12277352.879552178  5.5920000076293945
31 60000.0 75000.0 3850000.0 11172933.07150039 11105051.631637674 919971.4349917602 917345.7427412801 7924551.36171202 8346013.433813462 12277352.879552178 12144243.619208468 6.473999977111816
32 60000.0 75000.0 4100000.0 11169936.925297087 11101068.911967233 916975.2887881371 913379.7118527942 7924551.36171202 8345996.745034458 12277352.879552178 12144260.307986138 6.460999965667725
33 60000.0 75000.0 4350000.0 11168045.1950497 11097237.76232818 915083.5585407336 909545.3795517114 7924551.36171202 8345999.927690231 12277352.879552178 12144257.125331143 6.601000070571899
34 60000.0 75000.0 4600000.0 11166387.476091474 11095251.75449436 913425.8395829116 907544.4898717847 7924551.36171202 8346014.809543598 12277352.879552178 12144242.243479908 7.616999864578247
35 80000.0 75000.0 3600000.0 9884990.89350674  915229.1709296823  13375319.528203664  13560552.79348106  5.087000131607056
36 80000.0 75000.0 3850000.0 9882161.85214294 9450374.053630352 912400.1295660993 912472.5458024939 13375319.528203664 13526294.737093693 13560552.79348106 13794048.00026424 6.266000032424927
37 80000.0 75000.0 4100000.0 9880375.796248123 9447836.572835904 910614.073671583 909959.2278007456 13375319.528203664 13526270.574303176 13560552.79348106 13794072.163059007 6.636999845504761
38 80000.0 75000.0 4350000.0 9878814.222477587 9446041.441799745 909052.499901102 908155.2240234871 13375319.528203664 13526279.447039504 13560552.79348106 13794063.290322522 10.817999839782715
39 80000.0 75000.0 4600000.0 9877453.835995076 9444404.820484309 907692.1134182368 906504.4255229644 13375319.528203664 13526293.624223562 13560552.79348106 13794049.113136565 5.5929999351501465
40 20000.0 100000.0 3600000.0 16916857.02339592 16614794.642032241 1120510.5877544046 1112930.8182562676 0.0 0.0 6733968.080421236 6830085.684339775 5.983000040054321
41 20000.0 100000.0 3850000.0 16905751.012679726 16607308.806611612 1109404.57703877 1105444.9828341338 0.0 0.0 6733968.080421236 6830085.684339775 5.971999883651733
42 20000.0 100000.0 4100000.0 16897919.992521748 16600254.947269455 1101573.556882179 1098391.1234907366 0.0 0.0 6733968.080421236 6830085.684339775 5.697999954223633
43 20000.0 100000.0 4350000.0 16891104.470962238 16595567.52551853 1094758.0353217414 1093703.7017358805 0.0 0.0 6733968.080421236 6830085.684339775 5.651000022888184
44 20000.0 100000.0 4600000.0 16885090.14739283 16591099.527936604 1088743.711754062 1089235.7041591383 0.0 0.0 6733968.080421236 6830085.684339775 5.775000095367432
45 40000.0 100000.0 3600000.0 11968222.640384307 11709259.900739992 1134788.5434371226 1129140.9050442856 1771055.7417248832 1908340.8562676639 11696880.419118332 11751830.512414996 5.351000070571899
46 40000.0 100000.0 3850000.0 11963713.620577913 11704431.476844946 1130279.5236317043 1124311.8670329442 1771055.7417248832 1908341.470379176 11696880.419118332 11751829.898304058 5.680000066757202
47 40000.0 100000.0 4100000.0 11959775.39540514 11700002.764137987 1126341.2984588658 1119891.7071411877 1771055.7417248832 1908332.917565575 11696880.419118332 11751838.451117048 6.138999938964844
48 40000.0 100000.0 4350000.0 11956408.159510292 11697279.454470413 1122974.0625637057 1117168.527201619 1771055.7417248832 1908332.787837793 11696880.419118332 11751838.580846164 5.300000190734863
49 40000.0 100000.0 4600000.0 11954924.51974018 11695448.2755365 1121490.422794401 1115328.6470221474 1771055.7417248832 1908341.4890791697 11696880.419118332 11751829.879603814 6.17300009727478
50 60000.0 100000.0 3600000.0 10113583.116880018 10048795.02871607 1119444.3638622146 1114861.8349693066 6665728.478216697 7092240.738657387 13536175.763047313 13398016.314363783 6.011999845504761
51 60000.0 100000.0 3850000.0 10110091.843874 10045881.162157241 1115953.0908581968 1111965.383581484 6665728.478216697 7092223.323479267 13536175.763047313 13398033.729539365 6.075000047683716
52 60000.0 100000.0 4100000.0 10107981.333933596 10044056.477581218 1113842.5809170608 1110140.406030263 6665728.478216697 7092223.616458019 13536175.763047313 13398033.43656256 5.802999973297119
53 60000.0 100000.0 4350000.0 10106787.662383767 10042356.83931284 1112648.9093675807 1108436.2652494716 6665728.478216697 7092228.118963877 13536175.763047313 13398028.934055848 5.770999908447266
54 60000.0 100000.0 4600000.0 10105748.71579409 10040712.47201706 1111609.9627773915 1106779.919572144 6665728.478216697 7092240.0973507045 13536175.763047313 13398016.955670306 5.605000019073486
55 80000.0 100000.0 3600000.0 8816835.838206079 8396054.499246217 1110392.7454685909 1105743.1348793576 12112000.89836377 12278704.593634453 14823871.423321364 15041638.143725928 5.494000196456909
56 80000.0 100000.0 3850000.0 8814912.70583274 8394352.645245375 1108469.6130966144 1104062.824838782 12112000.89836377 12278683.049661163 14823871.423321364 15041659.687703509 5.481000185012817
57 80000.0 100000.0 4100000.0 8813826.596138176 8392711.622201927 1107383.5034013428 1102421.8082100523 12112000.89836377 12278683.04325183 14823871.423321364 15041659.694109907 5.661999940872192
58 80000.0 100000.0 4350000.0 8812883.430199016 8391210.604664868 1106440.3374622066 1100918.5156323176 12112000.89836377 12278685.31829127 14823871.423321364 15041657.419073032 5.872999906539917
59 80000.0 100000.0 4600000.0 8812069.259839317 8389859.923539 1105626.1671020759 1099551.2278675968 12112000.89836377 12278701.9249277 14823871.423321364 15041640.812436627 5.572999954223633
60 20000.0 125000.0 3600000.0 17079087.392741144 16776366.832273778 1282740.9570999786 1274503.0085172825 0.0 0.0 6733968.080421236 6830085.684339775 5.727999925613403
61 20000.0 125000.0 3850000.0 17068396.30532876 16769381.44278153 1272049.8696881905 1267517.6190181905 0.0 0.0 6733968.080421236 6830085.684339775 5.776000022888184
62 20000.0 125000.0 4100000.0 17060982.734222043 16762695.083085602 1264636.2985831425 1260831.2593232566 0.0 0.0 6733968.080421236 6830085.684339775 5.924000024795532
63 20000.0 125000.0 4350000.0 17054525.562438242 16758137.553110993 1258179.12679761 1256273.7293455927 0.0 0.0 6733968.080421236 6830085.684339775 5.293999910354614
64 20000.0 125000.0 4600000.0 17048834.185390234 16753975.257667728 1252487.7497516617 1252111.4339044453 0.0 0.0 6733968.080421236 6830085.684339775 5.766999959945679
65 40000.0 125000.0 3600000.0 10918099.56935001 10641622.347076362 1321258.8149009892 1306688.9324539828 534462.39922654 663155.2752049501 12933473.761616165 12997016.093478767 5.572999954223633
66 40000.0 125000.0 3850000.0 10914860.523922857 10638745.951572375 1318019.7694743949 1303812.476201447 534462.39922654 663155.33594739 12933473.761616165 12997016.032735672 5.924000024795532
67 40000.0 125000.0 4100000.0 10912033.53489301 10636532.84311043 1315192.7804456016 1301603.7180142445 534462.39922654 663150.985674685 12933473.761616165 12997020.383008491 6.039999961853027
68 40000.0 125000.0 4350000.0 10909573.33966669 10634726.342750786 1312732.585218712 1299797.9740873943 534462.39922654 663150.2292394759 12933473.761616165 12997021.139443157 5.626999855041504
69 40000.0 125000.0 4600000.0 10908525.127930516 10633140.251816703 1311684.3734838795 1298206.9561692295 534462.39922654 663155.1562281799 12933473.761616165 12997016.212455047 5.976999998092651
70 60000.0 125000.0 3600000.0 9043713.278936306 8983979.684129937 1301942.7488494941 1296101.3383012614 5413360.255281735 5846185.890734925 14788543.985982932 14644071.162287083 5.996999979019165
71 60000.0 125000.0 3850000.0 9041275.039937453 8982303.70442245 1299504.509852805 1294426.4372158204 5413360.255281735 5846184.812106126 14788543.985982932 14644072.240914043 5.601000070571899
72 60000.0 125000.0 4100000.0 9039804.63735186 8980756.924952408 1298034.1072674468 1292897.7910361185 5413360.255281735 5846166.678826983 14788543.985982932 14644090.374194149 5.29200005531311
73 60000.0 125000.0 4350000.0 9039086.14362512 8979313.396059942 1297315.613539399 1291452.7325967927 5413360.255281735 5846168.2083655745 14788543.985982932 14644088.844654674 5.23799991607666
74 60000.0 125000.0 4600000.0 9038468.400781337 8977906.759049395 1296697.870696064 1290027.6933315443 5413360.255281735 5846186.6106207045 14788543.985982932 14644070.442402443 5.666999816894531
75 80000.0 125000.0 3600000.0 7743291.793046667 7332352.154141531 1292432.131283506 1288473.914294827 10856417.46738251 11032271.469110508 16079454.85430114 16288071.26825527 5.438999891281128
76 80000.0 125000.0 3850000.0 7742030.960863632 7330923.786459918 1291171.29833199 1287046.3936449564 10856417.468150977 11032270.622079108 16079454.853532664 16288072.115283584 5.355000019073486
77 80000.0 125000.0 4100000.0 7741405.680823271 7329533.487056862 1290546.018292737 1285677.1238091292 10856417.468150977 11032249.5925099 16079454.853532664 16288093.144852877 5.9019999504089355
78 80000.0 125000.0 4350000.0 7740872.769040685 7328306.735871957 1290013.1065098008 1284451.5080264166 10856417.468150977 11032248.457099397 16079454.853532664 16288094.280265449 6.163000106811523
79 80000.0 125000.0 4600000.0 7740420.480863705 7328181.132563176 1289560.8183322155 1284302.2759012168 10856417.468150977 11032272.085923204 16079454.853532664 16288070.651440423 6.424999952316284
