 A V P E_backup_full E_backup_repr E_loss_stor_full E_loss_stor_repr E_curt_full E_curt_repr E_sol_full E_sol_repr t_repr
0 20000.0 50000.0 3600000.0         5.625
1 20000.0 50000.0 3850000.0         5.815999984741211
2 20000.0 50000.0 4100000.0         5.736999988555908
3 20000.0 50000.0 4350000.0 16592380.836997658 16648403.937962424 720636.8058188369 702520.0481200304 75397.595537396 313556.5919078653 6658570.484883834 6219552.338328629 6.871000051498413
4 20000.0 50000.0 4600000.0 16585038.744825438 16645620.428260103 713294.7136478272 699738.6210983861 75397.595537396 313554.5092218266 6658570.484883834 6219554.421014699 6.483999967575073
5 40000.0 50000.0 3600000.0         5.450999975204468
6 40000.0 50000.0 3850000.0         5.764999866485596
7 40000.0 50000.0 4100000.0 14027214.641901145  709087.3188457013  4255748.9678347325  9212187.19300798  6.105000019073486
8 40000.0 50000.0 4350000.0 14021212.744126163 14051167.218690392 703085.4210683812 692880.3397161206 4255748.9678347325 4259068.511268487 9212187.19300798 8807149.349202786 6.5249998569488525
9 40000.0 50000.0 4600000.0 14017958.597951574 14049838.178042553 699831.2748941265 691559.5213847437 4255748.9678347325 4259060.288951048 9212187.19300798 8807157.571521234 6.370000123977661
10 60000.0 50000.0 3600000.0         5.481000185012817
11 60000.0 50000.0 3850000.0 12226730.50313483  704325.326430931  9193994.901906958  11007909.339356776  5.924000024795532
12 60000.0 50000.0 4100000.0 12222459.576220773  700054.3995160435  9193994.901906958  11007909.339356776  6.08299994468689
13 60000.0 50000.0 4350000.0 12219501.072566815 12054501.56308458 697095.8958600254 690128.1202042672 9193994.901906958 8798264.005412653 11007909.339356776 10801062.785297945 6.452000141143799
14 60000.0 50000.0 4600000.0 12216898.182801396 12053788.83493074 694493.0060953507 689427.5236625371 9193994.901906958 8798251.873799091 11007909.339356776 10801074.916911392 6.2779998779296875
15 80000.0 50000.0 3600000.0         5.644999980926514
16 80000.0 50000.0 3850000.0 10940857.160636373  696920.0748667055  14649494.891399235  12286377.430286905  6.574999809265137
17 80000.0 50000.0 4100000.0 10937984.567826312 10743342.984221809 694047.4820560425 685380.8538455114 14649494.891399235 14024961.623164086 12286377.430286905 12107474.097778896 6.716000080108643
18 80000.0 50000.0 4350000.0 10935465.780757817 10742624.120979762 691528.694986766 684667.4526426332 14649494.891399235 14024956.16111906 12286377.430286905 12107479.55982334 6.269999980926514
19 80000.0 50000.0 4600000.0 10933258.05341923 10741957.239092408 689320.9232587955 684018.508432204 14649494.935789015 14024938.223440262 12286377.385897128 12107497.49750237 6.323000192642212
20 20000.0 75000.0 3600000.0         5.605000019073486
21 20000.0 75000.0 3850000.0 16730294.266034873 16543496.247076819 933947.8303922749 911168.9491337371 0.0 0.0 6733968.080421236 6533108.930236506 8.486000061035156
22 20000.0 75000.0 4100000.0 16721854.474449845 16539794.622026037 925508.0388079395 907467.3240765042 0.0 0.0 6733968.080421236 6533108.930236506 7.426000118255615
23 20000.0 75000.0 4350000.0 16714516.528060105 16537290.393700592 918170.0924179419 904963.0957508626 0.0 0.0 6733968.080421236 6533108.930236506 6.744000196456909
24 20000.0 75000.0 4600000.0 16708032.928895695 16534887.469594268 911686.4932547624 902560.1716439838 0.0 0.0 6733968.080421236 6533108.930236506 6.380000114440918
25 40000.0 75000.0 3600000.0 13011181.561889742 13045726.2784226 938164.9969031352 911591.0922043923 3010638.209766237 3034916.8185240026 10457297.951076578 10031301.041949552 6.371000051498413
26 40000.0 75000.0 3850000.0 13004951.649977373 13044707.602044828 931935.0849920593 910572.1421406792 3010638.209766237 3034917.092208981 10457297.951076578 10031300.768263636 6.648000001907349
27 40000.0 75000.0 4100000.0 12999509.11165627 13043903.426334966 926492.5466708048 919572.5977099087 3010638.209766237 3025112.460923848 10457297.951076578 10041105.3995485 7.519000053405762
28 40000.0 75000.0 4350000.0 12995037.301928 13043178.027987566 922020.7369419056 909043.4081779654 3010638.209766237 3034916.2521084757 10457297.951076578 10031301.608364804 7.78600001335144
29 40000.0 75000.0 4600000.0 12992854.275155906 13042534.406086287 919837.7101683369 908413.9581152454 3010638.209766237 3034902.0802705023 10457297.951076578 10031315.780202128 6.764999866485596
30 60000.0 75000.0 3600000.0 11177828.837460622 11005406.105746195 924867.2009509351 906429.0944529638 7924551.36171202 7532867.573824496 12277352.879552178 12066459.216886459 6.596999883651733
31 60000.0 75000.0 3850000.0 11172933.07150039 11004720.481575888 919971.4349917602 905739.4226843261 7924551.36171202 7532871.621426557 12277352.879552178 12066455.169285 7.602999925613403
32 60000.0 75000.0 4100000.0 11169936.925297087 11004093.663721057 916975.2887881371 905112.6236168861 7924551.36171202 7532871.60263584 12277352.879552178 12066455.188075023 6.318000078201294
33 60000.0 75000.0 4350000.0 11168045.1950497 11003517.245521067 915083.5585407336 904537.2811665501 7924551.36171202 7532870.526884971 12277352.879552178 12066456.263827262 6.388999938964844
34 60000.0 75000.0 4600000.0 11166387.476091474 11002974.044984622 913425.8395829116 904006.0737910037 7924551.36171202 7532858.533723191 12277352.879552178 12066468.25698743 6.349999904632568
35 80000.0 75000.0 3600000.0 9884990.89350674 9677686.971318815 915229.1709296823 901401.931088387 13375319.528203664 12743284.53301035 13560552.79348106 13389151.187931856 6.336999893188477
36 80000.0 75000.0 3850000.0 9882161.85214294 9677062.797119712 912400.1295660993 900777.48548692 13375319.528203664 12743284.804410227 13560552.79348106 13389150.9165334 6.375999927520752
37 80000.0 75000.0 4100000.0 9880375.796248123 9676474.47790914 910614.073671583 900187.4385098604 13375319.528203664 12743286.532175448 13560552.79348106 13389149.188768826 6.424000024795532
38 80000.0 75000.0 4350000.0 9878814.222477587 9675930.64114455 909052.499901102 899645.8937450178 13375319.528203664 12743284.240181714 13560552.79348106 13389151.48076283 6.466000080108643
39 80000.0 75000.0 4600000.0 9877453.835995076 9675422.296832519 907692.1134182368 899150.4919796911 13375319.528203664 12743271.297630163 13560552.79348106 13389164.423316037 6.398999929428101
40 20000.0 100000.0 3600000.0 16916857.02339592 16728530.678908542 1120510.5877544046 1096203.3809661542 0.0 0.0 6733968.080421236 6533108.930236506 6.414000034332275
41 20000.0 100000.0 3850000.0 16905751.012679726 16719961.490793103 1109404.57703877 1087634.1928525092 0.0 0.0 6733968.080421236 6533108.930236506 6.41700005531311
42 20000.0 100000.0 4100000.0 16897919.992521748 16716472.252659364 1101573.556882179 1084144.9547179127 0.0 0.0 6733968.080421236 6533108.930236506 6.43999981880188
43 20000.0 100000.0 4350000.0 16891104.470962238 16714174.184468046 1094758.0353217414 1081846.886521791 0.0 0.0 6733968.080421236 6533108.930236506 6.413000106811523
44 20000.0 100000.0 4600000.0 16885090.14739283 16711978.799463658 1088743.711754062 1079651.5015199895 0.0 0.0 6733968.080421236 6533108.930236506 6.355000019073486
45 40000.0 100000.0 3600000.0 11968222.640384307 12021658.464748435 1134788.5434371226 1107101.80542155 1771055.7417248832 1815338.2916298355 11696880.419118332 11250879.56884214 6.522000074386597
46 40000.0 100000.0 3850000.0 11963713.620577913 12020904.810426252 1130279.5236317043 1106347.4722453838 1771055.7417248832 1815338.9704824726 11696880.419118332 11250878.889990026 6.555999994277954
47 40000.0 100000.0 4100000.0 11959775.39540514 12020248.517008629 1126341.2984588658 1105691.2194707752 1771055.7417248832 1815338.929843516 11696880.419118332 11250878.93062954 6.4700000286102295
48 40000.0 100000.0 4350000.0 11956408.159510292 12019655.969948068 1122974.0625637057 1105098.455895395 1771055.7417248832 1815339.1463561163 11696880.419118332 11250878.714116339 7.3450000286102295
49 40000.0 100000.0 4600000.0 11954924.51974018 12019119.430493185 1121490.422794401 1104567.9083643737 1771055.7417248832 1815333.1544271808 11696880.419118332 11250884.706045069 6.5
50 60000.0 100000.0 3600000.0 10113583.116880018 9942687.20828046 1119444.3638622146 1098184.8640698406 6665728.478216697 6278392.906742241 13536175.763047313 13320933.883967765 6.371999979019165
51 60000.0 100000.0 3850000.0 10110091.843874 9942143.296724536 1115953.0908581968 1097639.8172136087 6665728.478216697 6278394.042046507 13536175.763047313 13320932.74866367 6.378999948501587
52 60000.0 100000.0 4100000.0 10107981.333933596 9941646.336100634 1113842.5809170608 1097141.9682861655 6665728.478216697 6278394.930349947 13536175.763047313 13320931.860360308 6.80400013923645
53 60000.0 100000.0 4350000.0 10106787.662383767 9941184.197056685 1112648.9093675807 1096680.7531726053 6665728.478216697 6278394.006417673 13536175.763047313 13320932.784292849 8.014999866485596
54 60000.0 100000.0 4600000.0 10105748.71579409 9940746.800266633 1111609.9627773915 1096254.444969087 6665728.478216697 6278382.917828755 13536175.763047313 13320943.872881617 6.772000074386597
55 80000.0 100000.0 3600000.0 8816835.838206079 8600960.99625681 1110392.7454685909 1093184.141652164 12112000.89836377 11474776.347383002 14823871.423321364 14657659.373559538 6.269999980926514
56 80000.0 100000.0 3850000.0 8814912.70583274 8600473.143134749 1108469.6130966144 1092696.1713000948 12112000.89836377 11474776.464606965 14823871.423321364 14657659.256334282 6.289999961853027
57 80000.0 100000.0 4100000.0 8813826.596138176 8600008.061248163 1107383.5034013428 1092233.9485683946 12112000.89836377 11474773.60545983 14823871.423321364 14657662.115482803 6.2779998779296875
58 80000.0 100000.0 4350000.0 8812883.430199016 8599572.775251929 1106440.3374622066 1091794.838437793 12112000.89836377 11474777.42959269 14823871.423321364 14657658.291349303 6.241000175476074
59 80000.0 100000.0 4600000.0 8812069.259839317 8599162.385620408 1105626.1671020759 1091401.2226809831 12112000.89836377 11474760.655714652 14823871.423321364 14657675.065228444 6.230999946594238
60 20000.0 125000.0 3600000.0 17079087.392741144 16891660.014160577 1282740.9570999786 1259332.7162270064 0.0 0.0 6733968.080421236 6533108.930236506 6.394000053405762
61 20000.0 125000.0 3850000.0 17068396.30532876 16883173.379471134 1272049.8696881905 1250846.0815384625 0.0 0.0 6733968.080421236 6533108.930236506 6.369999885559082
62 20000.0 125000.0 4100000.0 17060982.734222043 16879831.241129156 1264636.2985831425 1247503.943192412 0.0 0.0 6733968.080421236 6533108.930236506 6.322000026702881
63 20000.0 125000.0 4350000.0 17054525.562438242 16877668.421214264 1258179.12679761 1245341.1232758428 0.0 0.0 6733968.080421236 6533108.930236506 6.391999959945679
64 20000.0 125000.0 4600000.0 17048834.185390234 16875619.52727296 1252487.7497516617 1243292.2293387624 0.0 0.0 6733968.080421236 6533108.930236506 6.30400013923645
65 40000.0 125000.0 3600000.0 10918099.56935001 10987127.523603542 1321258.8149009892 1290415.0301383345 534462.39922654 597494.125771 12933473.761616165 12468723.734701732 6.232000112533569
66 40000.0 125000.0 3850000.0 10914860.523922857 10986400.335226152 1318019.7694743949 1289688.0776983455 534462.39922654 597493.889832228 12933473.761616165 12468723.97064078 6.357999801635742
67 40000.0 125000.0 4100000.0 10912033.53489301 10985841.961318238 1315192.7804456016 1289130.2892714215 534462.39922654 597493.304349552 12933473.761616165 12468724.556122892 6.3470001220703125
68 40000.0 125000.0 4350000.0 10909573.33966669 10985337.603044135 1312732.585218712 1288625.857164834 534462.39922654 597493.3781825519 12933473.761616165 12468724.482289892 6.447999954223633
69 40000.0 125000.0 4600000.0 10908525.127930516 10984870.6399963 1311684.3734838795 1288160.0659113182 534462.39922654 597492.2063881806 12933473.761616165 12468725.654084634 6.289999961853027
70 60000.0 125000.0 3600000.0 9043713.278936306 8872464.587552283 1301942.7488494941 1278132.2662139835 5413360.255281735 5028222.883872923 14788543.985982932 14571103.906837361 6.353000164031982
71 60000.0 125000.0 3850000.0 9041275.039937453 8872011.923167197 1299504.509852805 1277677.5630694774 5413360.255281735 5028224.922636249 14788543.985982932 14571101.868072895 6.257999897003174
72 60000.0 125000.0 4100000.0 9039804.63735186 8871598.614428455 1298034.1072674468 1277267.2370749994 5413360.255281735 5028221.939888525 14788543.985982932 14571104.850821864 6.601000070571899
73 60000.0 125000.0 4350000.0 9039086.14362512 8871210.322055964 1297315.613539399 1276878.3784456428 5413360.255281735 5028222.506150316 14788543.985982932 14571104.284560835 6.746999979019165
74 60000.0 125000.0 4600000.0 9038468.400781337 8870841.32676069 1296697.870696064 1276519.0556556876 5413360.255281735 5028212.833638433 14788543.985982932 14571113.957071869 6.562000036239624
75 80000.0 125000.0 3600000.0 7743291.793046667 7517861.147177539 1292432.131283506 1269893.6016314784 10856417.46738251 10214967.038322797 16079454.85430114 15917468.68261925 6.766999959945679
76 80000.0 125000.0 3850000.0 7742030.960863632 7517460.015555041 1291171.29833199 1269491.4186251399 10856417.468150977 10214968.089701664 16079454.853532664 15917467.63123946 6.6549999713897705
77 80000.0 125000.0 4100000.0 7741405.680823271 7517073.632297375 1290546.018292737 1269103.9775980765 10856417.468150977 10214969.147477655 16079454.853532664 15917466.573463432 6.61299991607666
78 80000.0 125000.0 4350000.0 7740872.769040685 7516707.573783649 1290013.1065098008 1268739.6793674347 10856417.468150977 10214967.387187654 16079454.853532664 15917468.333754497 6.616000175476074
79 80000.0 125000.0 4600000.0 7740420.480863705 7516359.391246213 1289560.8183322155 1268411.9559400622 10856417.468150977 10214946.928085666 16079454.853532664 15917488.792856814 6.644999980926514
