 A V P E_backup_full E_backup_repr E_loss_stor_full E_loss_stor_repr E_curt_full E_curt_repr E_sol_full E_sol_repr t_repr
0 20000.0 50000.0 3600000.0         5.312999963760376
1 20000.0 50000.0 3850000.0         5.815000057220459
2 20000.0 50000.0 4100000.0  16668746.37514565  694029.9561286016  0.0  6810006.951256329 4.948999881744385
3 20000.0 50000.0 4350000.0 16592380.836997658 16663254.379080726 720636.8058188369 688537.9600677326 75397.595537396 0.0 6658570.484883834 6810006.951256329 4.671999931335449
4 20000.0 50000.0 4600000.0 16585038.744825438 16658081.004721088 713294.7136478272 683364.5857153762 75397.595537396 0.0 6658570.484883834 6810006.951256329 4.710999965667725
5 40000.0 50000.0 3600000.0         4.666000127792358
6 40000.0 50000.0 3850000.0  12651628.811385792  713183.7070289414  2773735.6365850256  10846278.265929652 5.019000053405762
7 40000.0 50000.0 4100000.0 14027214.641901145 12645950.58952187 709087.3188457013 707509.4412584439 4255748.9678347325 2773731.6804970196 9212187.19300798 10846282.222018978 5.084000110626221
8 40000.0 50000.0 4350000.0 14021212.744126163 12640450.929947075 703085.4210683812 702002.8410971477 4255748.9678347325 2773738.621079382 9212187.19300798 10846275.281435868 4.882999897003174
9 40000.0 50000.0 4600000.0 14017958.597951574 12635033.157124897 699831.2748941265 696587.0396498622 4255748.9678347325 2773736.6497023623 9212187.19300798 10846277.25281305 4.6600000858306885
10 60000.0 50000.0 3600000.0  10950310.803164551  710279.0206079717  7885329.266042616  12544691.58772494 5.61299991607666
11 60000.0 50000.0 3850000.0 12226730.50313483 10944734.22741853 704325.326430931 704720.596186909 9193994.901906958 7885311.114720461 11007909.339356776 12544709.73904737 5.917999982833862
12 60000.0 50000.0 4100000.0 12222459.576220773 10939285.577424953 700054.3995160435 699288.1197972689 9193994.901906958 7885294.941121487 11007909.339356776 12544725.912646698 6.0940001010894775
13 60000.0 50000.0 4350000.0 12219501.072566815 10933905.66606666 697095.8958600254 693922.1962630455 9193994.901906958 7885280.953286337 11007909.339356776 12544739.900481384 5.188000202178955
14 60000.0 50000.0 4600000.0 12216898.182801396 10930648.615440112 694493.0060953507 690635.2349817682 9193994.901906958 7885310.863948763 11007909.339356776 12544709.989820622 5.547999858856201
15 80000.0 50000.0 3600000.0  9319908.819199085  701365.458796173  13073847.795148635  14166180.009884294 5.314000129699707
16 80000.0 50000.0 3850000.0 10940857.160636373 9314512.062030941 696920.0748667055 696072.6809050752 14649494.891399235 13073743.815872077 12286377.430286905 14166283.989160765 6.479000091552734
17 80000.0 50000.0 4100000.0 10937984.567826312 9309191.647499243 694047.4820560425 690738.8902018773 14649494.891399235 13073757.192040818 12286377.430286905 14166270.612990916 4.849999904632568
18 80000.0 50000.0 4350000.0 10935465.780757817 9306094.010839248 691528.694986766 687611.4363333153 14649494.891399235 13073787.009253344 12286377.430286905 14166240.795777101 4.854000091552734
19 80000.0 50000.0 4600000.0 10933258.05341923 9305785.550914176 689320.9232587955 687269.7208464763 14649494.935789015 13073820.264810015 12286377.385897128 14166207.540221116 6.5320000648498535
20 20000.0 75000.0 3600000.0  16893907.074562136  919190.6555299598  0.0  6810006.951256329 7.18999981880188
21 20000.0 75000.0 3850000.0 16730294.266034873 16877823.83619092 933947.8303922749 903107.4171592079 0.0 0.0 6733968.080421236 6810006.951256329 7.357000112533569
22 20000.0 75000.0 4100000.0 16721854.474449845 16867083.031140827 925508.0388079395 892366.6121119895 0.0 0.0 6733968.080421236 6810006.951256329 6.21399998664856
23 20000.0 75000.0 4350000.0 16714516.528060105 16862303.252651963 918170.0924179419 887586.8336283441 0.0 0.0 6733968.080421236 6810006.951256329 5.940999984741211
24 20000.0 75000.0 4600000.0 16708032.928895695 16857773.42641028 911686.4932547624 883057.0073914303 0.0 0.0 6733968.080421236 6810006.951256329 5.046999931335449
25 40000.0 75000.0 3600000.0 13011181.561889742 11621921.38384856 938164.9969031352 935035.0652707508 3010638.209766237 1522176.85079715 10457297.951076578 12097837.051716657 5.315000057220459
26 40000.0 75000.0 3850000.0 13004951.649977373 11614471.651627522 931935.0849920593 927558.0347097173 3010638.209766237 1522204.149141 10457297.951076578 12097809.753375659 5.146999835968018
27 40000.0 75000.0 4100000.0 12999509.11165627 11609500.519199407 926492.5466708048 922586.1171460338 3010638.209766237 1522204.934284296 10457297.951076578 12097808.968231432 5.427000045776367
28 40000.0 75000.0 4350000.0 12995037.301928 11604697.248673588 922020.7369419056 917785.6484122756 3010638.209766237 1522202.1324973707 10457297.951076578 12097811.770016676 5.114000082015991
29 40000.0 75000.0 4600000.0 12992854.275155906 11599982.216607984 919837.7101683369 913085.832706856 3010638.209766237 1522186.9161421373 10457297.951076578 12097826.98637257 5.596999883651733
30 60000.0 75000.0 3600000.0 11177828.837460622 9896833.98973745 924867.2009509351 924556.4961780446 7924551.36171202 6617574.977036315 12277352.879552178 13812445.876733158 4.718000173568726
31 60000.0 75000.0 3850000.0 11172933.07150039 9891861.624530185 919971.4349917602 919530.8935258079 7924551.36171202 6617628.214486115 12277352.879552178 13812392.639282161 4.802999973297119
32 60000.0 75000.0 4100000.0 11169936.925297087 9886995.779569019 916975.2887881371 914763.27702385 7924551.36171202 6617529.986030382 12277352.879552178 13812490.867737679 5.065000057220459
33 60000.0 75000.0 4350000.0 11168045.1950497 9882218.01509411 915083.5585407336 909944.3368522656 7924551.36171202 6617571.1617246745 12277352.879552178 13812449.692043541 5.13700008392334
34 60000.0 75000.0 4600000.0 11166387.476091474 9878847.633515598 913425.8395829116 906549.0292244668 7924551.36171202 6617596.087773564 12277352.879552178 13812424.765995942 5.70199990272522
35 80000.0 75000.0 3600000.0 9884990.89350674 8270029.023943946 915229.1709296823 920041.183893235 13375319.528203664 11805292.274786422 13560552.79348106 15434735.530245008 7.197999954223633
36 80000.0 75000.0 3850000.0 9882161.85214294 8265318.39094297 912400.1295660993 915319.2294268867 13375319.528203664 11805303.596257282 13560552.79348106 15434724.208775349 6.145999908447266
37 80000.0 75000.0 4100000.0 9880375.796248123 8260682.2461072 910614.073671583 910731.5569876207 13375319.528203664 11805255.123853818 13560552.79348106 15434772.681178782 5.598999977111816
38 80000.0 75000.0 4350000.0 9878814.222477587 8257521.149512619 909052.499901102 907493.8465965037 13375319.528203664 11805331.737658398 13560552.79348106 15434696.067373361 5.565999984741211
39 80000.0 75000.0 4600000.0 9877453.835995076 8257241.974730243 907692.1134182368 907225.0444374688 13375319.528203664 11805321.365036303 13560552.79348106 15434706.439995896 5.286999940872192
40 20000.0 100000.0 3600000.0 16916857.02339592 17070805.95292251 1120510.5877544046 1096089.5338900194 0.0 0.0 6733968.080421236 6810006.951256329 5.212000131607056
41 20000.0 100000.0 3850000.0 16905751.012679726 17056152.50608458 1109404.57703877 1081436.0870537085 0.0 0.0 6733968.080421236 6810006.951256329 5.480999946594238
42 20000.0 100000.0 4100000.0 16897919.992521748 17045400.94183496 1101573.556882179 1070684.5228083876 0.0 0.0 6733968.080421236 6810006.951256329 5.502000093460083
43 20000.0 100000.0 4350000.0 16891104.470962238 17041070.015937164 1094758.0353217414 1066353.5969145948 0.0 0.0 6733968.080421236 6810006.951256329 5.424000024795532
44 20000.0 100000.0 4600000.0 16885090.14739283 17036944.01508285 1088743.711754062 1062227.5960594597 0.0 0.0 6733968.080421236 6810006.951256329 5.733000040054321
45 40000.0 100000.0 3600000.0 11968222.640384307 10573856.96010266 1134788.5434371226 1141636.380631709 1771055.7417248832 267511.11168855004 11696880.419118332 13352502.790825408 5.890000104904175
46 40000.0 100000.0 3850000.0 11963713.620577913 10569230.953198427 1130279.5236317043 1136987.1219527249 1771055.7417248832 267534.3634614 11696880.419118332 13352479.539053923 5.38700008392334
47 40000.0 100000.0 4100000.0 11959775.39540514 10564715.165434403 1126341.2984588658 1132471.9602087657 1771055.7417248832 267533.7374415 11696880.419118332 13352480.165074708 5.503999948501587
48 40000.0 100000.0 4350000.0 11956408.159510292 10560290.573497 1122974.0625637057 1128049.7018854364 1771055.7417248832 267531.40383195 11696880.419118332 13352482.498682907 7.815000057220459
49 40000.0 100000.0 4600000.0 11954924.51974018 10555942.27379615 1121490.422794401 1123699.0685701824 1771055.7417248832 267533.7374415 11696880.419118332 13352480.165074708 12.51200008392334
50 60000.0 100000.0 3600000.0 10113583.116880018 8838115.34601926 1119444.3638622146 1122373.6732969629 6665728.478216697 5361039.156202445 13536175.763047313 15068981.697564838 9.762999773025513
51 60000.0 100000.0 3850000.0 10110091.843874 8833760.11856968 1115953.0908581968 1117927.6769172768 6665728.478216697 5361129.925130876 13536175.763047313 15068890.928637756 8.207000017166138
52 60000.0 100000.0 4100000.0 10107981.333933596 8829482.024060039 1113842.5809170608 1113703.2543322383 6665728.478216697 5361076.253212551 13536175.763047313 15068944.600555137 6.557999849319458
53 60000.0 100000.0 4350000.0 10106787.662383767 8825267.72826111 1112648.9093675807 1109543.614785882 6665728.478216697 5361021.596955849 13536175.763047313 15068999.256812965 6.833999872207642
54 60000.0 100000.0 4600000.0 10105748.71579409 8821920.1834642 1111609.9627773915 1106096.9310974972 6665728.478216697 5361120.735837959 13536175.763047313 15068900.117929805 7.568999767303467
55 80000.0 100000.0 3600000.0 8816835.838206079 7211248.110933657 1110392.7454685909 1118316.06297986 12112000.89836377 10548236.482680507 14823871.423321364 16691791.322351312 5.34499979019165
56 80000.0 100000.0 3850000.0 8814912.70583274 7207102.92656494 1108469.6130966144 1114137.2045767398 12112000.89836377 10548270.156722767 14823871.423321364 16691757.648307914 4.882999897003174
57 80000.0 100000.0 4100000.0 8813826.596138176 7204263.801998414 1107383.5034013428 1111348.2283946373 12112000.89836377 10548220.008343965 14823871.423321364 16691807.796689924 4.825999975204468
58 80000.0 100000.0 4350000.0 8812883.430199016 7202491.1785773 1106440.3374622066 1109560.0809398496 12112000.89836377 10548235.53238421 14823871.423321364 16691792.272647822 4.954999923706055
59 80000.0 100000.0 4600000.0 8812069.259839317 7202379.676795099 1105626.1671020759 1109407.098975614 12112000.89836377 10548277.012542183 14823871.423321364 16691750.792489607 4.867000102996826
60 20000.0 125000.0 3600000.0 17079087.392741144 17234413.822819166 1282740.9570999786 1259697.403790571 0.0 0.0 6733968.080421236 6810006.951256329 4.763000011444092
61 20000.0 125000.0 3850000.0 17068396.30532876 17220772.258761343 1272049.8696881905 1246055.8397287594 0.0 0.0 6733968.080421236 6810006.951256329 4.916999816894531
62 20000.0 125000.0 4100000.0 17060982.734222043 17209968.314600468 1264636.2985831425 1235251.8955711464 0.0 0.0 6733968.080421236 6810006.951256329 4.852999925613403
63 20000.0 125000.0 4350000.0 17054525.562438242 17205923.44295842 1258179.12679761 1231207.02394008 0.0 0.0 6733968.080421236 6810006.951256329 4.979000091552734
64 20000.0 125000.0 4600000.0 17048834.185390234 17202082.985498585 1252487.7497516617 1227366.5664832215 0.0 0.0 6733968.080421236 6810006.951256329 4.802999973297119
65 40000.0 125000.0 3600000.0 10918099.56935001 10471891.62397532 1321258.8149009892 1307182.156190369 534462.39922654 0.0 12933473.761616165 13620013.902515307 4.8460001945495605
66 40000.0 125000.0 3850000.0 10914860.523922857 10467615.282866841 1318019.7694743949 1302905.8150826287 534462.39922654 0.0 12933473.761616165 13620013.902515307 4.855000019073486
67 40000.0 125000.0 4100000.0 10912033.53489301 10463439.199887242 1315192.7804456016 1298729.7321032153 534462.39922654 0.0 12933473.761616165 13620013.902515307 5.325000047683716
68 40000.0 125000.0 4350000.0 10909573.33966669 10459346.066152621 1312732.585218712 1294636.5983695174 534462.39922654 0.0 12933473.761616165 13620013.902515307 5.636999845504761
69 40000.0 125000.0 4600000.0 10908525.127930516 10455322.33583824 1311684.3734838795 1290612.8680540728 534462.39922654 0.0 12933473.761616165 13620013.902515307 4.74399995803833
70 60000.0 125000.0 3600000.0 9043713.278936306 7771263.75517149 1301942.7488494941 1307576.580688981 5413360.255281735 4108984.6579610547 14788543.985982932 16321036.195807206 4.867000102996826
71 60000.0 125000.0 3850000.0 9041275.039937453 7767354.8402709775 1299504.509852805 1303630.4315415355 5413360.255281735 4109021.892203637 14788543.985982932 16320998.961564697 1443.1329998970032
72 60000.0 125000.0 4100000.0 9039804.63735186 7763501.30296153 1298034.1072674468 1299820.827426175 5413360.255281735 4108977.9590238906 14788543.985982932 16321042.894744294 5.5299999713897705
73 60000.0 125000.0 4350000.0 9039086.14362512 7760544.814652917 1297315.613539399 1296828.390201715 5413360.255281735 4109013.9079292375 14788543.985982932 16321006.945840297 5.360000133514404
74 60000.0 125000.0 4600000.0 9038468.400781337 7758616.20037103 1296697.870696064 1294939.6717161783 5413360.255281735 4108974.012137427 14788543.985982932 16321046.841629859 6.098999977111816
75 80000.0 125000.0 3600000.0 7743291.793046667 6145940.316888665 1292432.131283506 1302423.6512395595 10856417.46738251 9298821.100378977 16079454.85430114 17941206.704652846 8.243000030517578
76 80000.0 125000.0 3850000.0 7742030.960863632 6145312.173984299 1291171.29833199 1301791.2702302998 10856417.468150977 9298825.338486064 16079454.853532664 17941202.466544557 5.443000078201294
77 80000.0 125000.0 4100000.0 7741405.680823271 6145140.103506899 1290546.018292737 1301603.4617225293 10856417.468150977 9298841.076515896 16079454.853532664 17941186.728517875 4.994999885559082
78 80000.0 125000.0 4350000.0 7740872.769040685 6144987.8461735 1290013.1065098008 1301452.7303143514 10856417.468150977 9298839.550586157 16079454.853532664 17941188.254444767 5.921999931335449
79 80000.0 125000.0 4600000.0 7740420.480863705 6144855.3844458 1289560.8183322155 1301315.8759154065 10856417.468150977 9298843.94327396 16079454.853532664 17941183.861757386 5.638999938964844
