 A V P E_backup_full E_backup_repr E_loss_stor_full E_loss_stor_repr E_curt_full E_curt_repr E_sol_full E_sol_repr t_repr
0 20000.0 50000.0 3600000.0         4.981000185012817
1 20000.0 50000.0 3850000.0         5.603999853134155
2 20000.0 50000.0 4100000.0  16651892.074385159  720881.6224049823  81379.75623195  6569355.298421788 6.864000082015991
3 20000.0 50000.0 4350000.0 16592380.836997658 16648162.573718961 720636.8058188369 717151.7301983943 75397.595537396 81380.1477687 6658570.484883834 6569354.906885037 6.876999855041504
4 20000.0 50000.0 4600000.0 16585038.744825438 16644621.901599614 713294.7136478272 713611.058083592 75397.595537396 81380.1477687 6658570.484883834 6569354.906885037 6.381999969482422
5 40000.0 50000.0 3600000.0         5.101999998092651
6 40000.0 50000.0 3850000.0  13978954.496418193  715699.3203906266  4064359.534910979  9237110.574395336 6.17300009727478
7 40000.0 50000.0 4100000.0 14027214.641901145 13976949.601762662 709087.3188457013 713694.474492629 4255748.9678347325 4064359.4861530247 9212187.19300798 9237110.623153005 5.914999961853027
8 40000.0 50000.0 4350000.0 14021212.744126163 13975384.73168966 703085.4210683812 712129.9846983445 4255748.9678347325 4064359.105872831 9212187.19300798 9237111.003433377 5.7240002155303955
9 40000.0 50000.0 4600000.0 14017958.597951574 13973948.222564813 699831.2748941265 710693.1940971963 4255748.9678347325 4064359.3873544787 9212187.19300798 9237110.721952315 5.992000102996826
10 60000.0 50000.0 3600000.0  12285088.13906075  704859.561863813  9032067.990734864  10920137.173224991 5.672999858856201
11 60000.0 50000.0 3850000.0 12226730.50313483 12282504.40227839 704325.326430931 702274.443351056 9193994.901906958 9032069.372465847 11007909.339356776 10920135.79149287 5.930000066757202
12 60000.0 50000.0 4100000.0 12222459.576220773 12280954.519247351 700054.3995160435 700724.9302151961 9193994.901906958 9032069.002571361 11007909.339356776 10920136.16138866 6.059999942779541
13 60000.0 50000.0 4350000.0 12219501.072566815 12279598.666508803 697095.8958600254 699367.7435033829 9193994.901906958 9032070.336549142 11007909.339356776 10920134.827410923 5.937999963760376
14 60000.0 50000.0 4600000.0 12216898.182801396 12278328.252467474 694493.0060953507 698139.4301750314 9193994.901906958 9032028.235836497 11007909.339356776 10920176.928121112 5.694000005722046
15 80000.0 50000.0 3600000.0  11003513.077253312  690138.6919439556  14415948.853503983  12186991.365108786 5.923999786376953
16 80000.0 50000.0 3850000.0 10940857.160636373 11001979.52365412 696920.0748667055 688600.8914491525 14649494.891399235 14415953.100393707 12286377.430286905 12186987.118217897 5.729000091552734
17 80000.0 50000.0 4100000.0 10937984.567826312 11000547.195657846 694047.4820560425 687169.1331647297 14649494.891399235 14415952.530691097 12286377.430286905 12186987.68792167 5.801000118255615
18 80000.0 50000.0 4350000.0 10935465.780757817 10999380.384535354 691528.694986766 686004.9040478789 14649494.891399235 14415949.948682938 12286377.430286905 12186990.269930046 5.952000141143799
19 80000.0 50000.0 4600000.0 10933258.05341923 10998290.74694182 689320.9232587955 684942.5377768471 14649494.935789015 14415922.677369328 12286377.385897128 12187017.541241786 5.7250001430511475
20 20000.0 75000.0 3600000.0  16785215.555435605  935584.8596762059  0.0  6650735.054653738 7.540999889373779
21 20000.0 75000.0 3850000.0 16730294.266034873 16775109.662264 933947.8303922749 925478.9665055188 0.0 0.0 6733968.080421236 6650735.054653738 5.882000207901001
22 20000.0 75000.0 4100000.0 16721854.474449845 16766585.864089845 925508.0388079395 916955.1683364155 0.0 0.0 6733968.080421236 6650735.054653738 5.6579999923706055
23 20000.0 75000.0 4350000.0 16714516.528060105 16763281.656690689 918170.0924179419 913650.9609393259 0.0 0.0 6733968.080421236 6650735.054653738 5.7209999561309814
24 20000.0 75000.0 4600000.0 16708032.928895695 16760183.816128984 911686.4932547624 910553.1203768196 0.0 0.0 6733968.080421236 6650735.054653738 6.38700008392334
25 40000.0 75000.0 3600000.0 13011181.561889742 12958207.217056561 938164.9969031352 941872.1284000814 3010638.209766237 2817439.4475421472 10457297.951076578 10484030.661764266 6.388000011444092
26 40000.0 75000.0 3850000.0 13004951.649977373 12953310.516033491 931935.0849920593 936975.3200350335 3010638.209766237 2817439.5548835867 10457297.951076578 10484030.554423185 8.51200008392334
27 40000.0 75000.0 4100000.0 12999509.11165627 12951431.079528524 926492.5466708048 935095.9315277123 3010638.209766237 2817439.506889227 10457297.951076578 10484030.602417184 6.380000114440918
28 40000.0 75000.0 4350000.0 12995037.301928 12950218.348229073 922020.7369419056 933883.1797291593 3010638.209766237 2817439.52738486 10457297.951076578 10484030.581922166 5.73199987411499
29 40000.0 75000.0 4600000.0 12992854.275155906 12949109.500279386 919837.7101683369 932774.2482513167 3010638.209766237 2817439.6109156003 10457297.951076578 10484030.498391185 6.010999917984009
30 60000.0 75000.0 3600000.0 11177828.837460622 11230244.22749293 924867.2009509351 927842.0904982776 7924551.36171202 7754241.550537232 12277352.879552178 12197963.613421531 6.046999931335449
31 60000.0 75000.0 3850000.0 11172933.07150039 11227962.27760094 919971.4349917602 925558.8684507569 7924551.36171202 7754242.822691895 12277352.879552178 12197962.341266835 6.577000141143799
32 60000.0 75000.0 4100000.0 11169936.925297087 11227295.925253171 916975.2887881371 924895.1613315409 7924551.36171202 7754240.177461772 12277352.879552178 12197964.986496693 6.081000089645386
33 60000.0 75000.0 4350000.0 11168045.1950497 11226764.094311168 915083.5585407336 924360.7908975261 7924551.36171202 7754242.716955359 12277352.879552178 12197962.447004056 5.64900016784668
34 60000.0 75000.0 4600000.0 11166387.476091474 11226297.676433759 913425.8395829116 923918.269639336 7924551.36171202 7754218.820333931 12277352.879552178 12197986.34362465 5.968000173568726
35 80000.0 75000.0 3600000.0 9884990.89350674 9945231.857544236 915229.1709296823 907749.0240492333 13375319.528203664 13140057.301685834 13560552.79348106 13462882.91692463 8.66700005531311
36 80000.0 75000.0 3850000.0 9882161.85214294 9944589.415435983 912400.1295660993 907106.8896526913 13375319.528203664 13140056.993977794 13560552.79348106 13462883.224631917 5.740000009536743
37 80000.0 75000.0 4100000.0 9880375.796248123 9944012.066780109 910614.073671583 906532.256591791 13375319.528203664 13140054.278380575 13560552.79348106 13462885.94023175 6.391999959945679
38 80000.0 75000.0 4350000.0 9878814.222477587 9943620.64821542 909052.499901102 906139.7604772341 13375319.528203664 13140055.355930196 13560552.79348106 13462884.862680245 7.0
39 80000.0 75000.0 4600000.0 9877453.835995076 9943288.884229835 907692.1134182368 905841.1685781615 13375319.528203664 13140022.183845988 13560552.79348106 13462918.03476642 6.077999830245972
40 20000.0 100000.0 3600000.0 16916857.02339592 16960491.433044787 1120510.5877544046 1110860.7372882417 0.0 0.0 6733968.080421236 6650735.054653738 5.772000074386597
41 20000.0 100000.0 3850000.0 16905751.012679726 16950643.99960722 1109404.57703877 1101013.303850986 0.0 0.0 6733968.080421236 6650735.054653738 7.249000072479248
42 20000.0 100000.0 4100000.0 16897919.992521748 16942757.762665775 1101573.556882179 1093127.0669174907 0.0 0.0 6733968.080421236 6650735.054653738 5.7790000438690186
43 20000.0 100000.0 4350000.0 16891104.470962238 16939424.87880368 1094758.0353217414 1089794.1830477759 0.0 0.0 6733968.080421236 6650735.054653738 5.582000017166138
44 20000.0 100000.0 4600000.0 16885090.14739283 16936600.32675536 1088743.711754062 1086969.6310033666 0.0 0.0 6733968.080421236 6650735.054653738 5.921000003814697
45 40000.0 100000.0 3600000.0 11968222.640384307 11918192.59926227 1134788.5434371226 1139560.1602483103 1771055.7417248832 1579736.79789854 11696880.419118332 11721733.311408214 5.980000019073486
46 40000.0 100000.0 3850000.0 11963713.620577913 11914461.610384451 1130279.5236317043 1135828.1559162633 1771055.7417248832 1579737.8133472498 11696880.419118332 11721732.295958605 9.930999994277954
47 40000.0 100000.0 4100000.0 11959775.39540514 11913298.48364398 1126341.2984588658 1134665.2858722813 1771055.7417248832 1579737.5566574598 11696880.419118332 11721732.552649176 5.988000154495239
48 40000.0 100000.0 4350000.0 11956408.159510292 11912778.617176382 1122974.0625637057 1134145.217521525 1771055.7417248832 1579737.75852993 11696880.419118332 11721732.350775925 5.621999979019165
49 40000.0 100000.0 4600000.0 11954924.51974018 11912343.101329708 1121490.422794401 1133710.2256593665 1771055.7417248832 1579737.2345506495 11696880.419118332 11721732.874755986 5.6600000858306885
50 60000.0 100000.0 3600000.0 10113583.116880018 10166726.905896585 1119444.3638622146 1128932.3087169915 6665728.478216697 6489634.010729639 13536175.763047313 13462571.153229702 5.698999881744385
51 60000.0 100000.0 3850000.0 10110091.843874 10165295.45538154 1115953.0908581968 1127503.2430081957 6665728.478216697 6489631.625921694 13536175.763047313 13462573.538037583 5.804999828338623
52 60000.0 100000.0 4100000.0 10107981.333933596 10164792.363912456 1113842.5809170608 1126998.1970485493 6665728.478216697 6489633.58041384 13536175.763047313 13462571.583544541 5.625
53 60000.0 100000.0 4350000.0 10106787.662383767 10164394.644459173 1112648.9093675807 1126599.5851523632 6665728.478216697 6489634.472845299 13536175.763047313 13462570.691112762 8.617000102996826
54 60000.0 100000.0 4600000.0 10105748.71579409 10164052.770841243 1111609.9627773915 1126272.2797010636 6665728.478216697 6489619.90468364 13536175.763047313 13462585.259274134 10.361999988555908
55 80000.0 100000.0 3600000.0 8816835.838206079 8878895.97072901 1110392.7454685909 1111322.5408388558 12112000.89836377 11870147.898087796 14823871.423321364 14732792.320523387 11.108999967575073
56 80000.0 100000.0 3850000.0 8814912.70583274 8878416.64198634 1108469.6130966144 1110846.1960790756 12112000.89836377 11870144.914106876 14823871.423321364 14732795.304505508 11.264999866485596
57 80000.0 100000.0 4100000.0 8813826.596138176 8877981.67647623 1107383.5034013428 1110411.9217862082 12112000.89836377 11870144.222884197 14823871.423321364 14732795.995729329 5.939000129699707
58 80000.0 100000.0 4350000.0 8812883.430199016 8877689.890320858 1106440.3374622066 1110116.8796197886 12112000.89836377 11870147.478897497 14823871.423321364 14732792.739716219 6.0299999713897705
59 80000.0 100000.0 4600000.0 8812069.259839317 8877459.04438514 1105626.1671020759 1109905.7044461535 12112000.89836377 11870127.808135685 14823871.423321364 14732812.410476713 6.580000162124634
60 20000.0 125000.0 3600000.0 17079087.392741144 17122930.543376617 1282740.9570999786 1273299.847616256 0.0 0.0 6733968.080421236 6650735.054653738 6.086000204086304
61 20000.0 125000.0 3850000.0 17068396.30532876 17113218.350229796 1272049.8696881905 1263587.6544697394 0.0 0.0 6733968.080421236 6650735.054653738 5.611000061035156
62 20000.0 125000.0 4100000.0 17060982.734222043 17105877.709317584 1264636.2985831425 1256247.0135617298 0.0 0.0 6733968.080421236 6650735.054653738 5.615999937057495
63 20000.0 125000.0 4350000.0 17054525.562438242 17102397.501116186 1258179.12679761 1252766.8053617482 0.0 0.0 6733968.080421236 6650735.054653738 5.763000011444092
64 20000.0 125000.0 4600000.0 17048834.185390234 17099766.733869344 1252487.7497516617 1250136.0381227368 0.0 0.0 6733968.080421236 6650735.054653738 5.8420000076293945
65 40000.0 125000.0 3600000.0 10918099.56935001 10870668.682823488 1321258.8149009892 1324187.7755754245 534462.39922654 347585.26612945803 12933473.761616165 12953884.843176706 5.644999980926514
66 40000.0 125000.0 3850000.0 10914860.523922857 10868090.48167166 1318019.7694743949 1321610.0691811312 534462.39922654 347584.7713711801 12933473.761616165 12953885.337934982 5.9049999713897705
67 40000.0 125000.0 4100000.0 10912033.53489301 10866986.602275042 1315192.7804456016 1320506.4041116533 534462.39922654 347584.55704458 12933473.761616165 12953885.552261686 6.383999824523926
68 40000.0 125000.0 4350000.0 10909573.33966669 10866573.240042875 1312732.585218712 1320092.156370326 534462.39922654 347585.44255536003 12933473.761616165 12953884.666750785 6.925999879837036
69 40000.0 125000.0 4600000.0 10908525.127930516 10866235.154024687 1311684.3734838795 1319754.4109412595 534462.39922654 347585.101974138 12933473.761616165 12953885.007331964 10.294999837875366
70 60000.0 125000.0 3600000.0 9043713.278936306 9096722.104825294 1301942.7488494941 1315065.6683675416 5413360.255281735 5233495.849999951 14788543.985982932 14718709.313959004 6.472999811172485
71 60000.0 125000.0 3850000.0 9041275.039937453 9095780.379106982 1299504.509852805 1314127.0131073464 5413360.255281735 5233492.779541891 14788543.985982932 14718712.384416252 5.924000024795532
72 60000.0 125000.0 4100000.0 9039804.63735186 9095531.431017825 1298034.1072674468 1313875.0101040401 5413360.255281735 5233495.834457791 14788543.985982932 14718709.329500923 6.434999942779541
73 60000.0 125000.0 4350000.0 9039086.14362512 9095365.30495309 1297315.613539399 1313710.8201126095 5413360.255281735 5233493.898390692 14788543.985982932 14718711.265568081 6.503000020980835
74 60000.0 125000.0 4600000.0 9038468.400781337 9095247.880660595 1296697.870696064 1313592.2161382688 5413360.255281735 5233495.078075292 14788543.985982932 14718710.085882762 6.107000112533569
75 80000.0 125000.0 3600000.0 7743291.793046667 7806574.56850803 1292432.131283506 1299389.2797674513 10856417.46738251 10609759.75693555 16079454.85430114 15993180.461676268 6.218999862670898
76 80000.0 125000.0 3850000.0 7742030.960863632 7806349.413224127 1291171.29833199 1299164.3999757976 10856417.468150977 10609759.4814517 16079454.853532664 15993180.737161746 6.708000183105469
77 80000.0 125000.0 4100000.0 7741405.680823271 7806157.874843927 1290546.018292737 1298972.3532270822 10856417.468150977 10609759.989812221 16079454.853532664 15993180.228799608 7.242000102996826
78 80000.0 125000.0 4350000.0 7740872.769040685 7806066.412788607 1290013.1065098008 1298880.8638892313 10856417.468150977 10609760.01709987 16079454.853532664 15993180.201511167 6.169000148773193
79 80000.0 125000.0 4600000.0 7740420.480863705 7806027.615969984 1289560.8183322155 1298857.5605257705 10856417.468150977 10609744.523647701 16079454.853532664 15993195.694963546 5.597999811172485
