 A V P E_backup_full E_backup_repr E_loss_stor_full E_loss_stor_repr E_curt_full E_curt_repr E_sol_full E_sol_repr t_repr
0 20000.0 50000.0 3600000.0         3.069000005722046
1 20000.0 50000.0 3850000.0         3.257999897003174
2 20000.0 50000.0 4100000.0         4.118000030517578
3 20000.0 50000.0 4350000.0 16592380.836997658 16960271.13722989 720636.8058188369 687901.295127967 75397.595537396 1035899.119309128 6658570.484883834 5800619.342007435 3.8320000171661377
4 20000.0 50000.0 4600000.0 16585038.744825438 16957103.303057134 713294.7136478272 684733.4060772234 75397.595537396 1035899.1741847682 6658570.484883834 5800619.287131903 3.619999885559082
5 40000.0 50000.0 3600000.0         2.9140000343322754
6 40000.0 50000.0 3850000.0         3.559000015258789
7 40000.0 50000.0 4100000.0 14027214.641901145 14252632.136002747 709087.3188457013 685895.6571829396 4255748.9678347325 5166784.21732661 9212187.19300798 8506252.705307236 3.616999864578247
8 40000.0 50000.0 4350000.0 14021212.744126163 14251177.286996774 703085.4210683812 684440.70279888 4255748.9678347325 5166784.322712717 9212187.19300798 8506252.59992305 3.5279998779296875
9 40000.0 50000.0 4600000.0 14017958.597951574 14250827.010872873 699831.2748941265 684092.1948690207 4255748.9678347325 5166782.55451867 9212187.19300798 8506254.368119843 3.561000108718872
10 60000.0 50000.0 3600000.0         3.4860000610351562
11 60000.0 50000.0 3850000.0 12226730.50313483 11546705.15593523 704325.326430931 686227.4383773153 9193994.901906958 9297043.917416755 11007909.339356776 11212511.466534449 3.499000072479248
12 60000.0 50000.0 4100000.0 12222459.576220773 11546266.252585419 700054.3995160435 685792.7889891544 9193994.901906958 9297039.663446918 11007909.339356776 11212515.720505416 3.5230000019073486
13 60000.0 50000.0 4350000.0 12219501.072566815 11545917.365427757 697095.8958600254 685442.3684596836 9193994.901906958 9297041.196821107 11007909.339356776 11212514.187132416 3.5420000553131104
14 60000.0 50000.0 4600000.0 12216898.182801396 11545749.712970836 694493.0060953507 685273.5238376725 9193994.901906958 9297042.388989966 11007909.339356776 11212512.99496314 3.502000093460083
15 80000.0 50000.0 3600000.0  10311906.524021119  688611.7870239076  14896379.398173612  12449694.447091741 3.509999990463257
16 80000.0 50000.0 3850000.0 10940857.160636373 10310378.42832288 696920.0748667055 687118.7435041766 14649494.891399235 14896344.345988233 12286377.430286905 12449729.499279471 3.4740002155303955
17 80000.0 50000.0 4100000.0 10937984.567826312 10308953.772158474 694047.4820560425 685712.4807691824 14649494.891399235 14896325.952561108 12286377.430286905 12449747.89270085 3.4809999465942383
18 80000.0 50000.0 4350000.0 10935465.780757817 10308577.67781379 691528.694986766 685307.4717219147 14649494.891399235 14896354.867274487 12286377.430286905 12449718.97799277 3.515000104904175
19 80000.0 50000.0 4600000.0 10933258.05341923 10308427.771783395 689320.9232587955 685162.6047098495 14649494.935789015 14896349.828247566 12286377.385897128 12449724.01702019 3.5220000743865967
20 20000.0 75000.0 3600000.0         2.9759998321533203
21 20000.0 75000.0 3850000.0 16730294.266034873 16144787.537634864 933947.8303922749 908316.8148480117 0.0 0.0 6733968.080421236 6836518.461316749 3.5739998817443848
22 20000.0 75000.0 4100000.0 16721854.474449845 16139831.05772873 925508.0388079395 903360.3349401451 0.0 0.0 6733968.080421236 6836518.461316749 3.546999931335449
23 20000.0 75000.0 4350000.0 16714516.528060105 16135006.787623603 918170.0924179419 898536.0648354436 0.0 0.0 6733968.080421236 6836518.461316749 3.621999979019165
24 20000.0 75000.0 4600000.0 16708032.928895695 16131894.290634666 911686.4932547624 895423.5678482244 0.0 0.0 6733968.080421236 6836518.461316749 3.6760001182556152
25 40000.0 75000.0 3600000.0 13011181.561889742 13269341.21667506 938164.9969031352 907726.8304987515 3010638.209766237 3961662.1247252054 10457297.951076578 9711374.797910547 3.5290000438690186
26 40000.0 75000.0 3850000.0 13004951.649977373 13264415.80960222 931935.0849920593 902799.9946548943 3010638.209766237 3961663.553491163 10457297.951076578 9711373.369144192 3.6050000190734863
27 40000.0 75000.0 4100000.0 12999509.11165627 13259629.888928303 926492.5466708048 898014.0691332736 3010638.209766237 3961663.558338563 10457297.951076578 9711373.364297593 3.566999912261963
28 40000.0 75000.0 4350000.0 12995037.301928 13257980.045923788 922020.7369419056 896363.9792776699 3010638.209766237 3961663.805189554 10457297.951076578 9711373.117447136 3.622999906539917
29 40000.0 75000.0 4600000.0 12992854.275155906 13257714.684398137 919837.7101683369 896100.4426989695 3010638.209766237 3961661.9802420856 10457297.951076578 9711374.942396088 3.7150001525878906
30 60000.0 75000.0 3600000.0 11177828.837460622 10557840.201993262 924867.2009509351 903481.5539574969 7924551.36171202 8090924.847892431 12277352.879552178 12418630.536059918 4.191999912261963
31 60000.0 75000.0 3850000.0 11172933.07150039 10553137.61097307 919971.4349917602 897519.7913347778 7924551.36171202 8092184.019505104 12277352.879552178 12417371.364450363 4.0329999923706055
32 60000.0 75000.0 4100000.0 11169936.925297087 10552811.629902177 916975.2887881371 897194.75419491 7924551.36171202 8092183.075547793 12277352.879552178 12417372.30840543 3.5190000534057617
33 60000.0 75000.0 4350000.0 11168045.1950497 10552544.190783355 915083.5585407336 896927.1927868162 7924551.36171202 8092183.197836686 12277352.879552178 12417372.186115552 4.004000186920166
34 60000.0 75000.0 4600000.0 11166387.476091474 10552407.033806812 913425.8395829116 896788.533484535 7924551.36171202 8092184.700156095 12277352.879552178 12417370.68379437 4.049999952316284
35 80000.0 75000.0 3600000.0 9884990.89350674 9235134.263349602 915229.1709296823 899462.6706511452 13375319.528203664 13608756.25387912 13560552.79348106 13737317.591385497 3.5199999809265137
36 80000.0 75000.0 3850000.0 9882161.85214294 9233897.07047898 912400.1295660993 898224.9352595768 13375319.528203664 13608756.796400022 13560552.79348106 13737317.048866384 4.646999835968018
37 80000.0 75000.0 4100000.0 9880375.796248123 9232739.32524534 910614.073671583 897069.9040574298 13375319.528203664 13608754.082371382 13560552.79348106 13737319.762898685 3.871999979019165
38 80000.0 75000.0 4350000.0 9878814.222477587 9232511.258136215 909052.499901102 896838.7711668065 13375319.528203664 13608757.14814592 13560552.79348106 13737316.697121494 4.238000154495239
39 80000.0 75000.0 4600000.0 9877453.835995076 9232425.375075297 907692.1134182368 896745.7950506127 13375319.528203664 13608764.241205545 13560552.79348106 13737309.60406298 3.684000015258789
40 20000.0 100000.0 3600000.0 16916857.02339592 16333822.859697761 1120510.5877544046 1097352.1369122085 0.0 0.0 6733968.080421236 6836518.461316749 4.368000030517578
41 20000.0 100000.0 3850000.0 16905751.012679726 16322538.424361836 1109404.57703877 1086067.7015779829 0.0 0.0 6733968.080421236 6836518.461316749 3.9709999561309814
42 20000.0 100000.0 4100000.0 16897919.992521748 16317799.181806564 1101573.556882179 1081328.459022223 0.0 0.0 6733968.080421236 6836518.461316749 3.9830000400543213
43 20000.0 100000.0 4350000.0 16891104.470962238 16313402.315450482 1094758.0353217414 1076931.5926619193 0.0 0.0 6733968.080421236 6836518.461316749 4.95799994468689
44 20000.0 100000.0 4600000.0 16885090.14739283 16310201.638302173 1088743.711754062 1073730.9155123502 0.0 0.0 6733968.080421236 6836518.461316749 4.202000141143799
45 40000.0 100000.0 3600000.0 11968222.640384307 12257345.165578442 1134788.5434371226 1096327.9081961245 1771055.7417248832 2761064.99593733 11696880.419118332 10911971.926700877 4.283999919891357
46 40000.0 100000.0 3850000.0 11963713.620577913 12253071.913721232 1130279.5236317043 1092053.6126118097 1771055.7417248832 2761066.0396587243 11696880.419118332 10911970.882977072 4.067000150680542
47 40000.0 100000.0 4100000.0 11959775.39540514 12248900.751626382 1126341.2984588658 1087882.3516401616 1771055.7417248832 2761066.138539204 11696880.419118332 10911970.784098703 3.883000135421753
48 40000.0 100000.0 4350000.0 11956408.159510292 12247110.696676828 1122974.0625637057 1086092.3718993969 1771055.7417248832 2761066.063318524 11696880.419118332 10911970.859319024 3.628000020980835
49 40000.0 100000.0 4600000.0 11954924.51974018 12246890.974016324 1121490.422794401 1085873.3507950671 1771055.7417248832 2761065.3617789303 11696880.419118332 10911971.56086001 3.639000177383423
50 60000.0 100000.0 3600000.0 10113583.116880018 9546505.039290564 1119444.3638622146 1091227.9715228193 6665728.478216697 6891843.267620424 13536175.763047313 13617712.116331121 3.6549999713897705
51 60000.0 100000.0 3850000.0 10110091.843874 9542249.723786633 1115953.0908581968 1086972.6922874572 6665728.478216697 6891843.2313466985 13536175.763047313 13617712.15260562 4.226000070571899
52 60000.0 100000.0 4100000.0 10107981.333933596 9541789.6430416 1113842.5809170608 1086513.9487392332 6665728.478216697 6891841.894149041 13536175.763047313 13617713.489802033 5.444000005722046
53 60000.0 100000.0 4350000.0 10106787.662383767 9541570.627624346 1112648.9093675807 1086294.5251581364 6665728.478216697 6891842.302312624 13536175.763047313 13617713.081640275 4.2200000286102295
54 60000.0 100000.0 4600000.0 10105748.71579409 9541434.66464384 1111609.9627773915 1086159.0488733666 6665728.478216697 6891841.815623814 13536175.763047313 13617713.568330036 3.6410000324249268
55 80000.0 100000.0 3600000.0 8816835.838206079 8149832.087043715 1110392.7454685909 1088304.8370691328 12112000.89836377 12334611.911164673 14823871.423321364 15011461.934103938 4.21399998664856
56 80000.0 100000.0 3850000.0 8814912.70583274 8148775.777705801 1108469.6130966144 1087247.2450575414 12112000.89836377 12334613.193833137 14823871.423321364 15011460.651435789 5.2230000495910645
57 80000.0 100000.0 4100000.0 8813826.596138176 8147779.375831874 1107383.5034013428 1086263.2889299444 12112000.89836377 12334600.748085486 14823871.423321364 15011473.097181441 7.2759997844696045
58 80000.0 100000.0 4350000.0 8812883.430199016 8147638.384322712 1106440.3374622066 1086123.7357092777 12112000.89836377 12334599.30980332 14823871.423321364 15011474.535467133 4.403000116348267
59 80000.0 100000.0 4600000.0 8812069.259839317 8147584.877859853 1105626.1671020759 1086093.669951224 12112000.89836377 12334575.869101861 14823871.423321364 15011497.976165023 4.198999881744385
60 20000.0 125000.0 3600000.0 17079087.392741144 16497841.076651158 1282740.9570999786 1261370.3538487363 0.0 0.0 6733968.080421236 6836518.461316749 4.53600001335144
61 20000.0 125000.0 3850000.0 17068396.30532876 16487301.51134274 1272049.8696881905 1250830.788546216 0.0 0.0 6733968.080421236 6836518.461316749 4.656999826431274
62 20000.0 125000.0 4100000.0 17060982.734222043 16482168.26875282 1264636.2985831425 1245697.545957008 0.0 0.0 6733968.080421236 6836518.461316749 5.565000057220459
63 20000.0 125000.0 4350000.0 17054525.562438242 16478074.004618807 1258179.12679761 1241603.2818205417 0.0 0.0 6733968.080421236 6836518.461316749 5.378999948501587
64 20000.0 125000.0 4600000.0 17048834.185390234 16474783.406476235 1252487.7497516617 1238312.6836807004 0.0 0.0 6733968.080421236 6836518.461316749 4.403000116348267
65 40000.0 125000.0 3600000.0 10918099.56935001 11233806.127449634 1321258.8149009892 1270309.4366013599 534462.39922654 1563544.429376172 12933473.761616165 12109492.493261386 4.624000072479248
66 40000.0 125000.0 3850000.0 10914860.523922857 11230005.805744583 1318019.7694743949 1266502.6659527698 534462.39922654 1563550.8783107998 12933473.761616165 12109486.044328447 4.521000146865845
67 40000.0 125000.0 4100000.0 10912033.53489301 11226279.60185907 1315192.7804456016 1262776.808745943 534462.39922654 1563550.5316332 12933473.761616165 12109486.391004296 4.565000057220459
68 40000.0 125000.0 4350000.0 10909573.33966669 11224379.938453192 1312732.585218712 1260876.735679106 534462.39922654 1563550.9412916 12933473.761616165 12109485.981347108 4.61299991607666
69 40000.0 125000.0 4600000.0 10908525.127930516 11224181.011161579 1311684.3734838795 1260684.918565903 534462.39922654 1563543.8311117704 12933473.761616165 12109493.091526026 5.078000068664551
70 60000.0 125000.0 3600000.0 9043713.278936306 8523466.98336187 1301942.7488494941 1265453.77581512 5413360.255281735 5694579.407388491 14788543.985982932 14814975.976564033 5.046000003814697
71 60000.0 125000.0 3850000.0 9041275.039937453 8519660.532219404 1299504.509852805 1261648.131312178 5413360.255281735 5694578.6007453725 14788543.985982932 14814976.783208596 4.5920000076293945
72 60000.0 125000.0 4100000.0 9039804.63735186 8519173.19090539 1298034.1072674468 1261160.7742311596 5413360.255281735 5694578.616505568 14788543.985982932 14814976.76744472 4.348999977111816
73 60000.0 125000.0 4350000.0 9039086.14362512 8519045.03514345 1297315.613539399 1261033.6826917871 5413360.255281735 5694577.552281851 14788543.985982932 14814977.831668876 4.508999824523926
74 60000.0 125000.0 4600000.0 9038468.400781337 8518980.99286698 1296697.870696064 1260970.259608972 5413360.255281735 5694576.933091357 14788543.985982932 14814978.45085871 4.5299999713897705
75 80000.0 125000.0 3600000.0 7743291.793046667 7058797.814916743 1292432.131283506 1262436.0207703414 10856417.46738251 11069446.455328144 16079454.85430114 16276627.389942748 4.175999879837036
76 80000.0 125000.0 3850000.0 7742030.960863632 7057858.204231308 1291171.29833199 1261487.6819402492 10856417.468150977 11069455.183477962 16079454.853532664 16276618.661791753 4.292999982833862
77 80000.0 125000.0 4100000.0 7741405.680823271 7057715.337301414 1290546.018292737 1261362.3496991673 10856417.468150977 11069437.64878284 16079454.853532664 16276636.19648839 4.250999927520752
78 80000.0 125000.0 4350000.0 7740872.769040685 7057669.3494791165 1290013.1065098008 1261310.8452958064 10856417.468150977 11069443.16537419 16079454.853532664 16276630.679891303 4.466000080108643
79 80000.0 125000.0 4600000.0 7740420.480863705 7057631.630984328 1289560.8183322155 1261271.640807146 10856417.468150977 11069444.651366666 16079454.853532664 16276629.193903998 4.2210001945495605
