 A V P E_backup_full E_backup_repr E_loss_stor_full E_loss_stor_repr E_curt_full E_curt_repr E_sol_full E_sol_repr t_repr
0 20000.0 50000.0 3600000.0         3.3949999809265137
1 20000.0 50000.0 3850000.0         5.377000093460083
2 20000.0 50000.0 4100000.0         3.434000015258789
3 20000.0 50000.0 4350000.0         3.3969998359680176
4 20000.0 50000.0 4600000.0 21854538.057617407  686104.0970168937  0.0  2454607.4583434653  5.557999849319458
5 40000.0 50000.0 3600000.0         3.447999954223633
6 40000.0 50000.0 3850000.0         3.435999870300293
7 40000.0 50000.0 4100000.0         3.4649999141693115
8 40000.0 50000.0 4350000.0 19302437.06376168  716215.6111994324  0.0  4909214.9166870015  5.933000087738037
9 40000.0 50000.0 4600000.0 19292852.736871768  707110.500652589  0.0  4909214.9166870015  3.751999855041504
10 60000.0 50000.0 3600000.0         3.4200000762939453
11 60000.0 50000.0 3850000.0         5.434999942779541
12 60000.0 50000.0 4100000.0         3.442000150680542
13 60000.0 50000.0 4350000.0 17811136.186691366  718607.9570548973  1035479.2792680231  6328343.095762517  3.4720001220703125
14 60000.0 50000.0 4600000.0 17802734.210706 17755802.19189609 710625.8084183936 717749.6018685817 1035479.550717813 1104134.48509368 6328342.82431272 6506447.640071903 6.208999872207642
15 80000.0 50000.0 3600000.0         3.557999849319458
16 80000.0 50000.0 3850000.0         4.463000059127808
17 80000.0 50000.0 4100000.0         3.4650001525878906
18 80000.0 50000.0 4350000.0 16920610.382523663  714297.5444210961  2648397.636290072  7170032.197084365  5.41100001335144
19 80000.0 50000.0 4600000.0 16912627.51586621 16802876.411363278 706713.5676110379 715791.4674684006 2648397.8897744752 2740154.0541698644 7170031.943599923 7407288.779386524 3.884999990463257
20 20000.0 75000.0 3600000.0         3.3980000019073486
21 20000.0 75000.0 3850000.0         5.4090001583099365
22 20000.0 75000.0 4100000.0 22088758.59971543  908613.6120130093  0.0  2454607.4583434653  3.625
23 20000.0 75000.0 4350000.0 22076513.403140847 22144111.396012317 896980.6752662795 905634.7873948804 0.0 0.0 2454607.4583434653 2536860.708389452 4.021999835968018
24 20000.0 75000.0 4600000.0 22065915.77019295 22135612.15496268 886912.9239635947 897582.6297101894 0.0 0.0 2454607.4583434653 2536860.708389452 5.926000118255615
25 40000.0 75000.0 3600000.0         3.3350000381469727
26 40000.0 75000.0 3850000.0 19531371.59926638  933703.419930575  0.0  4909214.9166870015  3.6530001163482666
27 40000.0 75000.0 4100000.0 19518951.31136528 19486470.41850525 921904.1464247431 924653.7149088003 0.0 0.0 4909214.9166870015 5073721.4167785505 3.732999801635742
28 40000.0 75000.0 4350000.0 19509275.863559186 19478266.95007085 912712.4710092264 916881.7713862874 0.0 0.0 4909214.9166870015 5073721.4167785505 5.791000127792358
29 40000.0 75000.0 4600000.0 19500730.7410772 19470617.503247797 904594.6046506256 909634.7064256719 0.0 0.0 4909214.9166870015 5073721.4167785505 3.873000144958496
30 60000.0 75000.0 3600000.0         3.3340001106262207
31 60000.0 75000.0 3850000.0 16966249.892479107  951445.2568258119  0.0  7363822.37503029  5.358999967575073
32 60000.0 75000.0 4100000.0 16957962.426905293 16822091.59423862 943572.1645296622 937289.2248518801 0.0 0.0 7363822.37503029 7610582.12516622 3.940999984741211
33 60000.0 75000.0 4350000.0 16950758.23037074 16817869.67738415 936728.1778227141 933289.3923870504 0.0 0.0 7363822.37503029 7610582.12516622 3.734999895095825
34 60000.0 75000.0 4600000.0 16944390.194861066 16813858.441653468 930678.54408677 929489.1586492724 0.0 0.0 7363822.37503029 7610582.12516622 5.837000131607056
35 80000.0 75000.0 3600000.0         3.442999839782715
36 80000.0 75000.0 3850000.0 15859253.481663207  945875.6251627707  1408530.499734648  8409899.33363975  3.575000047683716
37 80000.0 75000.0 4100000.0 15851705.451814318 15744894.538583463 938704.9398226759 936328.4031671089 1408530.5567173 1517287.9907709598 8409899.27665724 8630154.842783531 5.930000066757202
38 80000.0 75000.0 4350000.0 15845125.83616458 15740803.366331844 932454.3619387472 932451.6958201457 1408530.499734648 1517288.73273384 8409899.33363975 8630154.1008204 3.799999952316284
39 80000.0 75000.0 4600000.0 15839309.789978268 15736820.767080877 926929.0159096755 928679.4842808135 1408530.60188408 1517287.8406557604 8409899.23149037 8630154.992899643 3.876000165939331
40 20000.0 100000.0 3600000.0 22311826.77547999  1120528.3789886814  0.0  2454607.4583434653  3.6629998683929443
41 20000.0 100000.0 3850000.0 22293054.39661361 22360130.833485954 1102694.6190643234 1110291.0106088365 0.0 0.0 2454607.4583434653 2536860.708389452 5.922999858856201
42 20000.0 100000.0 4100000.0 22276630.065591466 22345553.703265246 1087091.5045940843 1096480.677376048 0.0 0.0 2454607.4583434653 2536860.708389452 3.7920000553131104
43 20000.0 100000.0 4350000.0 22265283.95916933 22331754.275767274 1076312.703494332 1083407.1375907122 0.0 0.0 2454607.4583434653 2536860.708389452 3.875
44 20000.0 100000.0 4600000.0 22255530.447990745 22324006.756868917 1067046.8678735238 1076067.1594087598 0.0 0.0 2454607.4583434653 2536860.708389452 5.937000036239624
45 40000.0 100000.0 3600000.0 19731678.402889587  1123994.883370072  0.0  4909214.9166870015  3.6519999504089355
46 40000.0 100000.0 3850000.0 19716679.070479285 19679924.13286125 1109745.5175806645 1107931.23387615 0.0 0.0 4909214.9166870015 5073721.4167785505 3.933000087738037
47 40000.0 100000.0 4100000.0 19704926.256927256 19672188.971827775 1098580.3447064648 1100602.9635091813 0.0 0.0 4909214.9166870015 5073721.4167785505 5.9079999923706055
48 40000.0 100000.0 4350000.0 19695960.87802665 19664709.73333587 1090063.2347509286 1093517.1534558127 0.0 0.0 4909214.9166870015 5073721.4167785505 3.755000114440918
49 40000.0 100000.0 4600000.0 19688051.42990029 19657707.16444242 1082549.2590314627 1086882.9388724333 0.0 0.0 4909214.9166870015 5073721.4167785505 3.81000018119812
50 60000.0 100000.0 3600000.0 17160635.38852426  1136111.4780650006  0.0  7363822.37503029  3.678999900817871
51 60000.0 100000.0 3850000.0 17149153.601652633 17013456.76222928 1125203.78053817 1118588.060714682 0.0 0.0 7363822.37503029 7610582.12516622 6.079999923706055
52 60000.0 100000.0 4100000.0 17141456.835958913 17006494.228926685 1117891.853128507 1111991.7757452156 0.0 0.0 7363822.37503029 7610582.12516622 3.819999933242798
53 60000.0 100000.0 4350000.0 17134761.45094862 17002190.880795404 1111531.2373688135 1107914.79551592 0.0 0.0 7363822.37503029 7610582.12516622 3.8349997997283936
54 60000.0 100000.0 4600000.0 17128851.52582024 16998533.237796936 1105916.8084981444 1104449.5545608716 0.0 0.0 7363822.37503029 7610582.12516622 6.052999973297119
55 80000.0 100000.0 3600000.0 14775611.335811595  1151488.567898515  173457.51843737  9644972.31493722  3.7189998626708984
56 80000.0 100000.0 3850000.0 14768072.244537732 14665361.95987649 1144326.324010257 1130561.5868626947 173457.62561835998 300308.5996296 9644972.207756333 9847134.233924327 3.815999984741211
57 80000.0 100000.0 4100000.0 14762443.383749845 14661719.319934376 1138978.9062596115 1127107.1191213327 173457.62561835998 300312.04027788003 9644972.207756333 9847130.7932766 6.009000062942505
58 80000.0 100000.0 4350000.0 14757537.561658433 14658173.915850522 1134318.3086562671 1123753.4303995094 173457.69223545 300306.82288212003 9644972.14113927 9847136.010671878 3.944000005722046
59 80000.0 100000.0 4600000.0 14753211.619525725 14654708.914471224 1130208.8374290278 1120462.3547976231 173457.51843737 300315.16567284 9644972.31493722 9847127.667881928 3.8509998321533203
60 20000.0 125000.0 3600000.0 22483473.690267336 22545772.415788386 1283592.9480340905 1286167.3370738402 0.0 0.0 2454607.4583434653 2536860.708389452 3.7720000743865967
61 20000.0 125000.0 3850000.0 22465827.15933031 22532110.383991733 1266828.7436441574 1273223.965573253 0.0 0.0 2454607.4583434653 2536860.708389452 6.236999988555908
62 20000.0 125000.0 4100000.0 22450376.191983704 22518579.40427565 1252150.3246668265 1260404.752460611 0.0 0.0 2454607.4583434653 2536860.708389452 3.8910000324249268
63 20000.0 125000.0 4350000.0 22439437.189471044 22505214.2379475 1241758.2722792341 1247742.630494134 0.0 0.0 2454607.4583434653 2536860.708389452 3.881999969482422
64 20000.0 125000.0 4600000.0 22430277.183366746 22497870.820373762 1233056.266478271 1240785.4968180081 0.0 0.0 2454607.4583434653 2536860.708389452 6.179999828338623
65 40000.0 125000.0 3600000.0 19902517.763027184 19864868.61157911 1286292.275500686 1283147.1263195511 0.0 0.0 4909214.9166870015 5073721.4167785505 3.871999979019165
66 40000.0 125000.0 3850000.0 19888372.675305746 19851407.69092612 1272854.4421663538 1270394.2869764897 0.0 0.0 4909214.9166870015 5073721.4167785505 3.8450000286102295
67 40000.0 125000.0 4100000.0 19877055.54063746 19844144.285450954 1262103.1642328172 1263512.956527166 0.0 0.0 4909214.9166870015 5073721.4167785505 6.236999988555908
68 40000.0 125000.0 4350000.0 19868578.389338206 19837177.42519708 1254049.8704980349 1256912.5722032906 0.0 0.0 4909214.9166870015 5073721.4167785505 3.9660000801086426
69 40000.0 125000.0 4600000.0 19861108.601577826 19830630.43705277 1246953.5721247566 1250709.973574975 0.0 0.0 4909214.9166870015 5073721.4167785505 3.8439998626708984
70 60000.0 125000.0 3600000.0 17330141.017795995 17190945.726726122 1297141.8258733111 1286740.6194099775 0.0 0.0 7363822.37503029 7610582.12516622 3.861999988555908
71 60000.0 125000.0 3850000.0 17319227.80262841 17184015.613822237 1286774.2714668615 1280175.049435295 0.0 0.0 7363822.37503029 7610582.12516622 6.221999883651733
72 60000.0 125000.0 4100000.0 17311797.601713426 17177503.538506646 1279715.5805979695 1274005.5271202591 0.0 0.0 7363822.37503029 7610582.12516622 3.875
73 60000.0 125000.0 4350000.0 17305450.94138355 17173101.916137733 1273686.2532841356 1269835.4421421727 0.0 0.0 7363822.37503029 7610582.12516622 3.985999822616577
74 60000.0 125000.0 4600000.0 17299856.474107206 17169694.454640657 1268371.509371917 1266607.2224588317 0.0 0.0 7363822.37503029 7610582.12516622 6.316999912261963
75 80000.0 125000.0 3600000.0 14764806.106511075 14525009.615579398 1314681.1184999896 1297900.7600367777 0.0 0.0 9818429.833374482 10147442.8335546 3.86899995803833
76 80000.0 125000.0 3850000.0 14757684.85206728 14521553.917968096 1307915.9267819144 1294626.8415906192 0.0 0.0 9818429.833374482 10147442.8335546 3.7940001487731934
77 80000.0 125000.0 4100000.0 14752508.58377735 14518204.105385784 1302998.471905356 1291453.2383254576 0.0 0.0 9818429.833374482 10147442.8335546 3.8370001316070557
78 80000.0 125000.0 4350000.0 14747993.050532933 14514940.892752906 1298708.715323413 1288361.679611753 0.0 0.0 9818429.833374482 10147442.8335546 6.3500001430511475
79 80000.0 125000.0 4600000.0 14744017.39688544 14511749.667121558 1294931.844358383 1285338.3211950108 0.0 0.0 9818429.833374482 10147442.8335546 3.8239998817443848
