 A V P E_backup_full E_backup_repr E_loss_stor_full E_loss_stor_repr E_curt_full E_curt_repr E_sol_full E_sol_repr t_repr
0 20000.0 50000.0 3600000.0         3.6449999809265137
1 20000.0 50000.0 3850000.0         3.6449999809265137
2 20000.0 50000.0 4100000.0         6.307999849319458
3 20000.0 50000.0 4350000.0         3.883000135421753
4 20000.0 50000.0 4600000.0 21854538.057617407  686104.0970168937  0.0  2454607.4583434653  3.7960000038146973
5 40000.0 50000.0 3600000.0         3.5999999046325684
6 40000.0 50000.0 3850000.0         6.146999835968018
7 40000.0 50000.0 4100000.0         3.9010000228881836
8 40000.0 50000.0 4350000.0 19302437.06376168  716215.6111994324  0.0  4909214.9166870015  3.819000005722046
9 40000.0 50000.0 4600000.0 19292852.736871768  707110.500652589  0.0  4909214.9166870015  3.9240000247955322
10 60000.0 50000.0 3600000.0         6.09499979019165
11 60000.0 50000.0 3850000.0         3.7690000534057617
12 60000.0 50000.0 4100000.0         3.8959999084472656
13 60000.0 50000.0 4350000.0 17811136.186691366  718607.9570548973  1035479.2792680231  6328343.095762517  3.8489999771118164
14 60000.0 50000.0 4600000.0 17802734.210706  710625.8084183936  1035479.550717813  6328342.82431272  6.4700000286102295
15 80000.0 50000.0 3600000.0         3.6640000343322754
16 80000.0 50000.0 3850000.0         3.761000156402588
17 80000.0 50000.0 4100000.0         3.6579999923706055
18 80000.0 50000.0 4350000.0 16920610.382523663  714297.5444210961  2648397.636290072  7170032.197084365  6.661999940872192
19 80000.0 50000.0 4600000.0 16912627.51586621 17186437.854120884 706713.5676110379 711185.9539939292 2648397.8897744752 3278408.56093368 7170031.943599923 6760751.325236639 4.078000068664551
20 20000.0 75000.0 3600000.0         4.121000051498413
21 20000.0 75000.0 3850000.0         3.9120001792907715
22 20000.0 75000.0 4100000.0 22088758.59971543  908613.6120130093  0.0  2454607.4583434653  6.493000030517578
23 20000.0 75000.0 4350000.0 22076513.403140847 21876258.01198893 896980.6752662795 903347.3690198988 0.0 0.0 2454607.4583434653 2509789.9715426806 4.197000026702881
24 20000.0 75000.0 4600000.0 22065915.77019295 21867354.21533705 886912.9239635947 894911.9364700154 0.0 0.0 2454607.4583434653 2509789.9715426806 4.063999891281128
25 40000.0 75000.0 3600000.0         3.6540000438690186
26 40000.0 75000.0 3850000.0 19531371.59926638  933703.419930575  0.0  4909214.9166870015  6.188000202178955
27 40000.0 75000.0 4100000.0 19518951.31136528 19252120.93614366 921904.1464247431 927037.0643328109 0.0 0.0 4909214.9166870015 5019579.943085739 4.2790000438690186
28 40000.0 75000.0 4350000.0 19509275.863559186 19243666.4365244 912712.4710092264 919027.2945543005 0.0 0.0 4909214.9166870015 5019579.943085739 4.177999973297119
29 40000.0 75000.0 4600000.0 19500730.7410772 19237042.893361263 904594.6046506256 912752.1679080088 0.0 0.0 4909214.9166870015 5019579.943085739 6.678000211715698
30 60000.0 75000.0 3600000.0         3.574000120162964
31 60000.0 75000.0 3850000.0 16966249.892479107  951445.2568258119  0.0  7363822.37503029  3.683000087738037
32 60000.0 75000.0 4100000.0 16957962.426905293 17101077.319960173 943572.1645296622 938933.5305764878 0.0 460000.67660256004 7363822.37503029 7069369.238021961 4.136999845504761
33 60000.0 75000.0 4350000.0 16950758.23037074 17095787.600390013 936728.1778227141 933921.7930466506 0.0 460000.9483029 7363822.37503029 7069368.966321207 6.549000024795532
34 60000.0 75000.0 4600000.0 16944390.194861066 17090641.419887755 930678.54408677 929047.6064982212 0.0 459999.6575458848 7363822.37503029 7069370.257078731 4.253999948501587
35 80000.0 75000.0 3600000.0         3.633000135421753
36 80000.0 75000.0 3850000.0 15859253.481663207  945875.6251627707  1408530.499734648  8409899.33363975  3.6389999389648438
37 80000.0 75000.0 4100000.0 15851705.451814318 16150045.405608734 938704.9398226759 936491.7692250545 1408530.5567173 2071227.37941618 8409899.27665724 7967932.506753652 6.729000091552734
38 80000.0 75000.0 4350000.0 15845125.83616458 16144803.334768271 932454.3619387472 931527.2819527438 1408530.499734648 2071225.5431303997 8409899.33363975 7967934.3430395 4.055999994277954
39 80000.0 75000.0 4600000.0 15839309.789978268 16139699.647521943 926929.0159096755 926692.893685625 1408530.60188408 2071224.71208126 8409899.23149037 7967935.174088758 4.059999942779541
40 20000.0 100000.0 3600000.0 22311826.77547999 22099689.976295315 1120528.3789886814 1115026.199860363 0.0 0.0 2454607.4583434653 2509789.9715426806 4.129999876022339
41 20000.0 100000.0 3850000.0 22293054.39661361 22087368.62442919 1102694.6190643234 1103352.9848555317 0.0 0.0 2454607.4583434653 2509789.9715426806 6.667999982833862
42 20000.0 100000.0 4100000.0 22276630.065591466 22075385.56930971 1087091.5045940843 1092000.27125924 0.0 0.0 2454607.4583434653 2509789.9715426806 4.240999937057495
43 20000.0 100000.0 4350000.0 22265283.95916933 22063741.825599298 1076312.703494332 1080969.0203627406 0.0 0.0 2454607.4583434653 2509789.9715426806 3.993000030517578
44 20000.0 100000.0 4600000.0 22255530.447990745 22055434.35599071 1067046.8678735238 1073098.5464236764 0.0 0.0 2454607.4583434653 2509789.9715426806 6.8399999141693115
45 40000.0 100000.0 3600000.0 19731678.402889587 19456524.14402723 1123994.883370072 1120688.1034716887 0.0 0.0 4909214.9166870015 5019579.943085739 4.0299999713897705
46 40000.0 100000.0 3850000.0 19716679.070479285 19445156.130600005 1109745.5175806645 1109918.078693015 0.0 0.0 4909214.9166870015 5019579.943085739 4.446999788284302
47 40000.0 100000.0 4100000.0 19704926.256927256 19437081.828178696 1098580.3447064648 1102268.506697609 0.0 0.0 4909214.9166870015 5019579.943085739 4.126000165939331
48 40000.0 100000.0 4350000.0 19695960.87802665 19429351.682711307 1090063.2347509286 1094944.9880560187 0.0 0.0 4909214.9166870015 5019579.943085739 6.963000059127808
49 40000.0 100000.0 4600000.0 19688051.42990029 19422958.055602763 1082549.2590314627 1088887.6832540666 0.0 0.0 4909214.9166870015 5019579.943085739 4.369000196456909
50 60000.0 100000.0 3600000.0 17160635.38852426 16818833.744530898 1136111.4780650006 1131537.4170827442 0.0 0.0 7363822.37503029 7529369.914624672 4.120000123977661
51 60000.0 100000.0 3850000.0 17149153.601652633 16811294.749670494 1125203.78053817 1124394.994005479 0.0 0.0 7363822.37503029 7529369.914624672 4.200999975204468
52 60000.0 100000.0 4100000.0 17141456.835958913 16806211.707721006 1117891.853128507 1119579.333987767 0.0 0.0 7363822.37503029 7529369.914624672 6.871999979019165
53 60000.0 100000.0 4350000.0 17134761.45094862 16801480.117634926 1111531.2373688135 1115096.6384996776 0.0 0.0 7363822.37503029 7529369.914624672 4.138999938964844
54 60000.0 100000.0 4600000.0 17128851.52582024 16796871.022149827 1105916.8084981444 1110729.9940712757 0.0 0.0 7363822.37503029 7529369.914624672 4.1000001430511475
55 80000.0 100000.0 3600000.0 14775611.335811595 15093227.924808782 1151488.567898515 1137485.848205268 173457.51843737 869007.31450848 9644972.31493722 9170152.57166226 4.143999814987183
56 80000.0 100000.0 3850000.0 14768072.244537732 15088406.193606561 1144326.324010257 1132919.0125205785 173457.62561835998 869006.05526424 9644972.207756333 9170153.830906259 6.791999816894531
57 80000.0 100000.0 4100000.0 14762443.383749845 15083733.111452093 1138978.9062596115 1128491.196432828 173457.62561835998 869006.60612238 9644972.207756333 9170153.28004806 4.171000003814697
58 80000.0 100000.0 4350000.0 14757537.561658433 15079182.90692183 1134318.3086562671 1124179.702284685 173457.69223545 869007.2489590199 9644972.14113927 9170152.63721106 4.023000001907349
59 80000.0 100000.0 4600000.0 14753211.619525725 15074735.497754665 1130208.8374290278 1119966.3340986061 173457.51843737 869007.15388746 9644972.31493722 9170152.732282681 4.246999979019165
60 20000.0 125000.0 3600000.0 22483473.690267336 22270526.375873376 1283592.9480340905 1276876.1367936789 0.0 0.0 2454607.4583434653 2509789.9715426806 6.7820000648498535
61 20000.0 125000.0 3850000.0 22465827.15933031 22259068.898734555 1266828.7436441574 1266021.3543361283 0.0 0.0 2454607.4583434653 2509789.9715426806 4.140000104904175
62 20000.0 125000.0 4100000.0 22450376.191983704 22247913.949718416 1252150.3246668265 1255453.1862007622 0.0 0.0 2454607.4583434653 2509789.9715426806 4.180999994277954
63 20000.0 125000.0 4350000.0 22439437.189471044 22237090.935689576 1241758.2722792341 1245199.4923558955 0.0 0.0 2454607.4583434653 2509789.9715426806 4.1600000858306885
64 20000.0 125000.0 4600000.0 22430277.183366746 22228990.445056334 1233056.266478271 1237525.1097258907 0.0 0.0 2454607.4583434653 2509789.9715426806 6.927000045776367
65 40000.0 125000.0 3600000.0 19902517.763027184 19626869.231853668 1286292.275500686 1282072.572994221 0.0 0.0 4909214.9166870015 5019579.943085739 4.129999876022339
66 40000.0 125000.0 3850000.0 19888372.675305746 19616038.152217407 1272854.4421663538 1271811.2378140874 0.0 0.0 4909214.9166870015 5019579.943085739 4.097999811172485
67 40000.0 125000.0 4100000.0 19877055.54063746 19608416.318632063 1262103.1642328172 1264590.333560687 0.0 0.0 4909214.9166870015 5019579.943085739 4.125
68 40000.0 125000.0 4350000.0 19868578.389338206 19601207.94893759 1254049.8704980349 1257761.1438560649 0.0 0.0 4909214.9166870015 5019579.943085739 7.014999866485596
69 40000.0 125000.0 4600000.0 19861108.601577826 19594934.54672773 1246953.5721247566 1251817.7397922154 0.0 0.0 4909214.9166870015 5019579.943085739 4.267999887466431
70 60000.0 125000.0 3600000.0 17330141.017795995 16987932.005042247 1297141.8258733111 1291740.6458163832 0.0 0.0 7363822.37503029 7529369.914624672 4.184999942779541
71 60000.0 125000.0 3850000.0 17319227.80262841 16980884.624006912 1286774.2714668615 1285063.9763323264 0.0 0.0 7363822.37503029 7529369.914624672 4.23799991607666
72 60000.0 125000.0 4100000.0 17311797.601713426 16975849.951613225 1279715.5805979695 1280294.141500152 0.0 0.0 7363822.37503029 7529369.914624672 7.050999879837036
73 60000.0 125000.0 4350000.0 17305450.94138355 16971441.273717135 1273686.2532841356 1276117.3721364795 0.0 0.0 7363822.37503029 7529369.914624672 4.216000080108643
74 60000.0 125000.0 4600000.0 17299856.474107206 16967148.22840204 1268371.509371917 1272050.152768102 0.0 0.0 7363822.37503029 7529369.914624672 4.1529998779296875
75 80000.0 125000.0 3600000.0 14764806.106511075 14357091.778261272 1314681.1184999896 1309079.7942953939 0.0 0.0 9818429.833374482 10039159.88617062 4.07699990272522
76 80000.0 125000.0 3850000.0 14757684.85206728 14352778.526438426 1307915.9267819144 1304993.4313327523 0.0 0.0 9818429.833374482 10039159.88617062 6.963000059127808
77 80000.0 125000.0 4100000.0 14752508.58377735 14348583.651690008 1302998.471905356 1301019.2184898048 0.0 0.0 9818429.833374482 10039159.88617062 4.181999921798706
78 80000.0 125000.0 4350000.0 14747993.050532933 14344486.414296558 1298708.715323413 1297137.507002551 0.0 0.0 9818429.833374482 10039159.88617062 4.115999937057495
79 80000.0 125000.0 4600000.0 14744017.39688544 14340470.901923371 1294931.844358383 1293333.2215855864 0.0 0.0 9818429.833374482 10039159.88617062 4.2159998416900635
