 A V P E_backup_full E_backup_repr E_loss_stor_full E_loss_stor_repr E_curt_full E_curt_repr E_sol_full E_sol_repr t_repr
0 20000.0 50000.0 3600000.0         2.7130000591278076
1 20000.0 50000.0 3850000.0         2.946000099182129
2 20000.0 50000.0 4100000.0         3.007999897003174
3 20000.0 50000.0 4350000.0 16592380.836997658 16764166.383840688 720636.8058188369 710007.7172321791 75397.595537396 0.0 6658570.484883834 6764363.373968929 3.2629997730255127
4 20000.0 50000.0 4600000.0 16585038.744825438 16754121.923919154 713294.7136478272 699963.2573102328 75397.595537396 0.0 6658570.484883834 6764363.373968929 3.259000062942505
5 40000.0 50000.0 3600000.0         2.6989998817443848
6 40000.0 50000.0 3850000.0         3.7239999771118164
7 40000.0 50000.0 4100000.0 14027214.641901145 12340671.00646702 709087.3188457013 725297.9786524106 4255748.9678347325 2325577.735170148 9212187.19300798 11203149.012768788 3.326000213623047
8 40000.0 50000.0 4350000.0 14021212.744126163 12330813.77024595 703085.4210683812 715412.817295755 4255748.9678347325 2325605.6603076123 9212187.19300798 11203121.087632088 3.250999927520752
9 40000.0 50000.0 4600000.0 14017958.597951574 12329382.75459079 699831.2748941265 714043.8621715502 4255748.9678347325 2325543.5997708132 9212187.19300798 11203183.148167986 3.2039999961853027
10 60000.0 50000.0 3600000.0         3.190000057220459
11 60000.0 50000.0 3850000.0 12226730.50313483 10573880.80366317 704325.326430931 724753.9881860389 9193994.901906958 7323694.896797182 11007909.339356776 12969395.22511402 3.244000196456909
12 60000.0 50000.0 4100000.0 12222459.576220773 10570361.346827649 700054.3995160435 721391.6137820368 9193994.901906958 7323537.814367199 11007909.339356776 12969552.307544844 3.2230000495910645
13 60000.0 50000.0 4350000.0 12219501.072566815 10569978.92215792 697095.8958600254 720835.4282383916 9193994.901906958 7323711.575238528 11007909.339356776 12969378.546672598 3.2130000591278076
14 60000.0 50000.0 4600000.0 12216898.182801396 10569638.13225504 694493.0060953507 720522.9632453375 9193994.901906958 7323683.250331444 11007909.339356776 12969406.87157676 3.2360000610351562
15 80000.0 50000.0 3600000.0  9460888.589185648  723626.0181355121  12976194.02633849  14081259.469537718 3.2049999237060547
16 80000.0 50000.0 3850000.0 10940857.160636373 9460494.3823048 696920.0748667055 723238.1979213395 14649494.891399235 12976187.639675885 12286377.430286905 14081265.856200889 3.2120001316070557
17 80000.0 50000.0 4100000.0 10937984.567826312 9460148.255079215 694047.4820560425 722981.6682648609 14649494.891399235 12976098.042105297 12286377.430286905 14081355.453770697 3.240999937057495
18 80000.0 50000.0 4350000.0 10935465.780757817 9459841.933273122 691528.694986766 722534.0008035643 14649494.891399235 12976239.387762954 12286377.430286905 14081214.10811432 3.2059998512268066
19 80000.0 50000.0 4600000.0 10933258.05341923 9459569.00007408 689320.9232587955 722309.0657256534 14649494.935789015 12976191.38963003 12286377.385897128 14081262.106247643 3.2300000190734863
20 20000.0 75000.0 3600000.0         2.687000036239624
21 20000.0 75000.0 3850000.0 16730294.266034873 16979031.393002376 933947.8303922749 924872.7263850312 0.0 0.0 6733968.080421236 6764363.373968929 3.255000114440918
22 20000.0 75000.0 4100000.0 16721854.474449845 16969933.51018551 925508.0388079395 915774.8435652347 0.0 0.0 6733968.080421236 6764363.373968929 3.194000005722046
23 20000.0 75000.0 4350000.0 16714516.528060105 16961004.62990675 918170.0924179419 906845.9632912697 0.0 0.0 6733968.080421236 6764363.373968929 3.2380001544952393
24 20000.0 75000.0 4600000.0 16708032.928895695 16952217.44696942 911686.4932547624 898058.7803539454 0.0 0.0 6733968.080421236 6764363.373968929 3.235999822616577
25 40000.0 75000.0 3600000.0 13011181.561889742 11348904.15412467 938164.9969031352 953168.3230931582 3010638.209766237 1105940.5383846748 10457297.951076578 12422786.209553884 3.2239999771118164
26 40000.0 75000.0 3850000.0 13004951.649977373 11340239.320242278 931935.0849920593 944505.8904218021 3010638.209766237 1105938.13716678 10457297.951076578 12422788.61077172 3.182999849319458
27 40000.0 75000.0 4100000.0 12999509.11165627 11335403.96951472 926492.5466708048 939671.6218229537 3010638.209766237 1105937.055047565 10457297.951076578 12422789.692891233 3.2230000495910645
28 40000.0 75000.0 4350000.0 12995037.301928 11335060.776456801 922020.7369419056 939317.3748365474 3010638.209766237 1105948.108969632 10457297.951076578 12422778.638968535 3.2109999656677246
29 40000.0 75000.0 4600000.0 12992854.275155906 11334754.99263744 919837.7101683369 939016.3665616396 3010638.209766237 1105943.3334278977 10457297.951076578 12422783.414510928 3.18999981880188
30 60000.0 75000.0 3600000.0 11177828.837460622 9522431.92807296 924867.2009509351 945964.4741779022 7924551.36171202 6051035.53521422 12277352.879552178 14242054.586697502 3.191999912261963
31 60000.0 75000.0 3850000.0 11172933.07150039 9522083.16476432 919971.4349917602 945726.55291611 7924551.36171202 6050924.693169214 12277352.879552178 14242165.42874114 3.182000160217285
32 60000.0 75000.0 4100000.0 11169936.925297087 9521776.931400944 916975.2887881371 945327.4187050876 7924551.36171202 6051017.594020199 12277352.879552178 14242072.527891329 3.2339999675750732
33 60000.0 75000.0 4350000.0 11168045.1950497 9521505.94852544 915083.5585407336 945042.0679662924 7924551.36171202 6051031.961881479 12277352.879552178 14242058.160028882 3.2130000591278076
34 60000.0 75000.0 4600000.0 11166387.476091474 9521264.45016464 913425.8395829116 944814.3848306894 7924551.36171202 6051018.146651648 12277352.879552178 14242071.975257635 3.190999984741211
35 80000.0 75000.0 3600000.0 9884990.89350674 8384028.55088864 915229.1709296823 948007.4174373489 13375319.528203664 11674952.588749375 13560552.79348106 15382500.90712605 3.2070000171661377
36 80000.0 75000.0 3850000.0 9882161.85214294 8383758.166499968 912400.1295660993 947828.8991458149 13375319.528203664 11674860.722645571 13560552.79348106 15382592.773228984 3.2200000286102295
37 80000.0 75000.0 4100000.0 9880375.796248123 8383520.90877264 910614.073671583 947541.2588212285 13375319.528203664 11674911.105236396 13560552.79348106 15382542.390639765 3.205000162124634
38 80000.0 75000.0 4350000.0 9878814.222477587 8383310.773630721 909052.499901102 947304.2192843957 13375319.528203664 11674938.009635264 13560552.79348106 15382515.486240622 3.330000162124634
39 80000.0 75000.0 4600000.0 9877453.835995076 8383123.5152808 907692.1134182368 947088.0782194415 13375319.528203664 11674966.89234656 13560552.79348106 15382486.603530314 3.319000005722046
40 20000.0 100000.0 3600000.0 16916857.02339592 17163335.03235022 1120510.5877544046 1109176.3657351923 0.0 0.0 6733968.080421236 6764363.373968929 3.305000066757202
41 20000.0 100000.0 3850000.0 16905751.012679726 17154861.76522818 1109404.57703877 1100703.0986114258 0.0 0.0 6733968.080421236 6764363.373968929 3.190999984741211
42 20000.0 100000.0 4100000.0 16897919.992521748 17146577.70408765 1101573.556882179 1092419.0374714965 0.0 0.0 6733968.080421236 6764363.373968929 3.2239999771118164
43 20000.0 100000.0 4350000.0 16891104.470962238 17138449.89254258 1094758.0353217414 1084291.2259232544 0.0 0.0 6733968.080421236 6764363.373968929 3.2679998874664307
44 20000.0 100000.0 4600000.0 16885090.14739283 17130452.96574085 1088743.711754062 1076294.299124924 0.0 0.0 6733968.080421236 6764363.373968929 3.183000087738037
45 40000.0 100000.0 3600000.0 11968222.640384307 10429281.85730693 1134788.5434371226 1139486.564667151 1771055.7417248832 0.0 11696880.419118332 13528726.74793865 3.1700000762939453
46 40000.0 100000.0 3850000.0 11963713.620577913 10428063.77290848 1130279.5236317043 1138268.4802702293 1771055.7417248832 0.0 11696880.419118332 13528726.74793865 3.200000047683716
47 40000.0 100000.0 4100000.0 11959775.39540514 10427771.720564 1126341.2984588658 1137976.4279263678 1771055.7417248832 0.0 11696880.419118332 13528726.74793865 3.184999942779541
48 40000.0 100000.0 4350000.0 11956408.159510292 10427513.252979632 1122974.0625637057 1137717.960340453 1771055.7417248832 0.0 11696880.419118332 13528726.74793865 3.2289998531341553
49 40000.0 100000.0 4600000.0 11954924.51974018 10427283.181242561 1121490.422794401 1137487.8886060028 1771055.7417248832 0.0 11696880.419118332 13528726.74793865 3.2130000591278076
50 60000.0 100000.0 3600000.0 10113583.116880018 8461562.45459744 1119444.3638622146 1145997.0690959664 6665728.478216697 4790133.466818579 13536175.763047313 15502956.65509273 3.2190001010894775
51 60000.0 100000.0 3850000.0 10110091.843874 8461312.33322624 1115953.0908581968 1145814.2692802148 6665728.478216697 4790066.145266352 13536175.763047313 15503023.97664387 3.194000005722046
52 60000.0 100000.0 4100000.0 10107981.333933596 8461092.66604704 1113842.5809170608 1145621.5203971763 6665728.478216697 4790039.226977684 13536175.763047313 15503050.894932251 3.2260000705718994
53 60000.0 100000.0 4350000.0 10106787.662383767 8460898.34504736 1112648.9093675807 1145327.3617246104 6665728.478216697 4790139.064645218 13536175.763047313 15502951.057265714 3.197000026702881
54 60000.0 100000.0 4600000.0 10105748.71579409 8460725.0689072 1111609.9627773915 1145182.8565353933 6665728.478216697 4790110.293692017 13536175.763047313 15502979.828217443 3.2970001697540283
55 80000.0 100000.0 3600000.0 8816835.838206079 7298275.4755296 1110392.7454685909 1148462.0905650116 12112000.89836377 10388744.840255322 14823871.423321364 16668708.6556221 3.197999954223633
56 80000.0 100000.0 3850000.0 8814912.70583274 7298089.39598512 1108469.6130966144 1148328.142186871 12112000.89836377 10388692.709086074 14823871.423321364 16668760.786790092 3.197000026702881
57 80000.0 100000.0 4100000.0 8813826.596138176 7297926.00061552 1107383.5034013428 1148298.7355953841 12112000.89836377 10388558.720315238 14823871.423321364 16668894.775560528 3.2090001106262207
58 80000.0 100000.0 4350000.0 8812883.430199016 7297781.455299521 1106440.3374622066 1147955.738147798 12112000.89836377 10388757.172441823 14823871.423321364 16668696.32343406 3.2209999561309814
59 80000.0 100000.0 4600000.0 8812069.259839317 7297652.520421216 1105626.1671020759 1147913.2888644084 12112000.89836377 10388670.686847193 14823871.423321364 16668782.809028422 3.2120001316070557
60 20000.0 125000.0 3600000.0 17079087.392741144 17325566.9774579 1282740.9570999786 1271408.3108459606 0.0 0.0 6733968.080421236 6764363.373968929 3.172999858856201
61 20000.0 125000.0 3850000.0 17068396.30532876 17317681.00035627 1272049.8696881905 1263522.333741713 0.0 0.0 6733968.080421236 6764363.373968929 3.2139999866485596
62 20000.0 125000.0 4100000.0 17060982.734222043 17309973.86598935 1264636.2985831425 1255815.199372687 0.0 0.0 6733968.080421236 6764363.373968929 3.187000036239624
63 20000.0 125000.0 4350000.0 17054525.562438242 17302413.949907452 1258179.12679761 1248255.283289596 0.0 0.0 6733968.080421236 6764363.373968929 3.1710000038146973
64 20000.0 125000.0 4600000.0 17048834.185390234 17294977.412921365 1252487.7497516617 1240818.746308917 0.0 0.0 6733968.080421236 6764363.373968929 3.1710000038146973
65 40000.0 125000.0 3600000.0 10918099.56935001 10589237.74103146 1321258.8149009892 1299442.4483928094 534462.39922654 0.0 12933473.761616165 13528726.74793865 3.195000171661377
66 40000.0 125000.0 3850000.0 10914860.523922857 10586949.970277233 1318019.7694743949 1297154.6776321076 534462.39922654 0.0 12933473.761616165 13528726.74793865 3.187000036239624
67 40000.0 125000.0 4100000.0 10912033.53489301 10586672.6226972 1315192.7804456016 1296877.330049846 534462.39922654 0.0 12933473.761616165 13528726.74793865 3.2099997997283936
68 40000.0 125000.0 4350000.0 10909573.33966669 10586427.14305816 1312732.585218712 1296631.8504133716 534462.39922654 0.0 12933473.761616165 13528726.74793865 3.194999933242798
69 40000.0 125000.0 4600000.0 10908525.127930516 10586208.356110467 1311684.3734838795 1296413.0634677038 534462.39922654 0.0 12933473.761616165 13528726.74793865 3.2290000915527344
70 60000.0 125000.0 3600000.0 9043713.278936306 7392651.828278881 1301942.7488494941 1330140.1296405315 5413360.255281735 3537079.779953932 14788543.985982932 16756010.341956519 3.1599998474121094
71 60000.0 125000.0 3850000.0 9041275.039937453 7392474.454347003 1299504.509852805 1329883.7337603578 5413360.255281735 3537158.801900385 14788543.985982932 16755931.32000984 3.1730000972747803
72 60000.0 125000.0 4100000.0 9039804.63735186 7392318.89180288 1298034.1072674468 1329734.5848574734 5413360.255281735 3537152.3882663813 14788543.985982932 16755937.733641885 3.2159998416900635
73 60000.0 125000.0 4350000.0 9039086.14362512 7392181.175277105 1297315.613539399 1329579.3796247998 5413360.255281735 3537169.8769680453 14788543.985982932 16755920.244942129 3.240999937057495
74 60000.0 125000.0 4600000.0 9038468.400781337 7392058.4591568 1296697.870696064 1329496.0235075017 5413360.255281735 3537130.516969247 14788543.985982932 16755959.604940863 3.2950000762939453
75 80000.0 125000.0 3600000.0 7743291.793046667 6206551.455896961 1292432.131283506 1332947.6634001168 10856417.46738251 9112535.247789007 16079454.85430114 17944918.24808664 3.194999933242798
76 80000.0 125000.0 3850000.0 7742030.960863632 6206426.545105761 1291171.29833199 1332740.1641801833 10856417.468150977 9112617.836219452 16079454.853532664 17944835.659656648 3.2090001106262207
77 80000.0 125000.0 4100000.0 7741405.680823271 6206316.88312304 1290546.018292737 1332671.1684415378 10856417.468150977 9112577.169971779 16079454.853532664 17944876.325903688 3.2170000076293945
78 80000.0 125000.0 4350000.0 7740872.769040685 6206219.80288288 1290013.1065098008 1332467.9725212974 10856417.468150977 9112683.285655787 16079454.853532664 17944770.210220348 3.2680001258850098
79 80000.0 125000.0 4600000.0 7740420.480863705 6206133.3111864 1289560.8183322155 1332404.4942603083 10856417.468150977 9112660.272215694 16079454.853532664 17944793.223659772 3.2260000705718994
