 A V P E_backup_full E_backup_repr E_loss_stor_full E_loss_stor_repr E_curt_full E_curt_repr E_sol_full E_sol_repr t_repr
0 20000.0 50000.0 3600000.0         5.309999942779541
1 20000.0 50000.0 3850000.0         5.7850000858306885
2 20000.0 50000.0 4100000.0         5.5920000076293945
3 20000.0 50000.0 4350000.0 16592380.836997658 16721032.962142926 720636.8058188369 712571.5182752867 75397.595537396 267506.565666455 6658570.484883834 6393996.730625593 6.790999889373779
4 20000.0 50000.0 4600000.0 16585038.744825438 16717696.745377714 713294.7136478272 709236.3093030157 75397.595537396 267505.55787004996 6658570.484883834 6393997.738421693 6.10699987411499
5 40000.0 50000.0 3600000.0         5.099999904632568
6 40000.0 50000.0 3850000.0         5.562999963760376
7 40000.0 50000.0 4100000.0 14027214.641901145  709087.3188457013  4255748.9678347325  9212187.19300798  5.619000196456909
8 40000.0 50000.0 4350000.0 14021212.744126163 14206890.52230986 703085.4210683812 699715.1175529566 4255748.9678347325 4427723.82283971 9212187.19300798 8895282.769744439 6.476000070571899
9 40000.0 50000.0 4600000.0 14017958.597951574 14203736.460609589 699831.2748941265 696561.1044739449 4255748.9678347325 4427723.774214823 9212187.19300798 8895282.818368338 6.256999969482422
10 60000.0 50000.0 3600000.0         5.131999969482422
11 60000.0 50000.0 3850000.0 12226730.50313483  704325.326430931  9193994.901906958  11007909.339356776  5.773999929428101
12 60000.0 50000.0 4100000.0 12222459.576220773  700054.3995160435  9193994.901906958  11007909.339356776  5.930999994277954
13 60000.0 50000.0 4350000.0 12219501.072566815 11937225.096486779 697095.8958600254 699844.967964818 9193994.901906958 8819431.842904316 11007909.339356776 11165078.045974331 6.366000175476074
14 60000.0 50000.0 4600000.0 12216898.182801396 11936340.562159128 694493.0060953507 698984.621342384 9193994.901906958 8819407.655190175 11007909.339356776 11165102.233689371 6.171000003814697
15 80000.0 50000.0 3600000.0         5.194000005722046
16 80000.0 50000.0 3850000.0 10940857.160636373  696920.0748667055  14649494.891399235  12286377.430286905  5.608000040054321
17 80000.0 50000.0 4100000.0 10937984.567826312 10983114.113037607 694047.4820560425 694358.7028832556 14649494.891399235 14532310.420833325 12286377.430286905 12113702.764330925 8.437000036239624
18 80000.0 50000.0 4350000.0 10935465.780757817 10982222.40783358 691528.694986766 693463.1138832482 14649494.891399235 14532314.304623699 12286377.430286905 12113698.880541518 7.25600004196167
19 80000.0 50000.0 4600000.0 10933258.05341923 10981377.452027 689320.9232587955 692655.3092186557 14649494.935789015 14532277.15348051 12286377.385897128 12113736.031685803 8.068000078201294
20 20000.0 75000.0 3600000.0         5.696000099182129
21 20000.0 75000.0 3850000.0 16730294.266034873 16662945.768800018 933947.8303922749 921990.890597684 0.0 0.0 6733968.080421236 6661503.296291749 6.498999834060669
22 20000.0 75000.0 4100000.0 16721854.474449845 16658900.828635423 925508.0388079395 917945.9504347198 0.0 0.0 6733968.080421236 6661503.296291749 6.117000102996826
23 20000.0 75000.0 4350000.0 16714516.528060105 16655267.25649478 918170.0924179419 914312.3782885391 0.0 0.0 6733968.080421236 6661503.296291749 6.003999948501587
24 20000.0 75000.0 4600000.0 16708032.928895695 16652358.909065193 911686.4932547624 911404.0308613816 0.0 0.0 6733968.080421236 6661503.296291749 6.08299994468689
25 40000.0 75000.0 3600000.0 13011181.561889742 13200940.805054372 938164.9969031352 924434.7265714944 3010638.209766237 3197054.4965656027 10457297.951076578 10125952.09601936 7.200000047683716
26 40000.0 75000.0 3850000.0 13004951.649977373 13197353.99253816 931935.0849920593 920847.6189137526 3010638.209766237 3197054.7917078477 10457297.951076578 10125951.800877603 6.375
27 40000.0 75000.0 4100000.0 12999509.11165627 13194991.400359478 926492.5466708048 918486.0426886887 3010638.209766237 3197053.7757454035 10457297.951076578 10125952.81684036 6.187999963760376
28 40000.0 75000.0 4350000.0 12995037.301928 13194197.317320766 922020.7369419056 917691.5465207016 3010638.209766237 3197054.188879343 10457297.951076578 10125952.403707486 6.0950000286102295
29 40000.0 75000.0 4600000.0 12992854.275155906 13193460.132964673 919837.7101683369 916955.9342983229 3010638.209766237 3197052.6167412023 10457297.951076578 10125953.97584471 6.888000011444092
30 60000.0 75000.0 3600000.0 11177828.837460622 10906395.93243546 924867.2009509351 919248.4483361328 7924551.36171202 7569199.19847456 12277352.879552178 12415310.690404586 6.9040000438690186
31 60000.0 75000.0 3850000.0 11172933.07150039 10905579.064891314 919971.4349917602 918429.232161688 7924551.36171202 7569201.54710623 12277352.879552178 12415308.34177387 6.937000036239624
32 60000.0 75000.0 4100000.0 11169936.925297087 10904822.716630315 916975.2887881371 917675.949798058 7924551.36171202 7569198.4812020175 12277352.879552178 12415311.407678049 9.217000007629395
33 60000.0 75000.0 4350000.0 11168045.1950497 10904103.911933895 915083.5585407336 916956.7153195291 7924551.36171202 7569198.910986451 12277352.879552178 12415310.977893293 6.42300009727478
34 60000.0 75000.0 4600000.0 11166387.476091474 10903418.147579402 913425.8395829116 916281.0407787532 7924551.36171202 7569188.821163577 12277352.879552178 12415321.067715295 5.543999910354614
35 80000.0 75000.0 3600000.0 9884990.89350674 9918638.670635242 915229.1709296823 913873.2561139519 13375319.528203664 13248320.425184494 13560552.79348106 13397692.759980122 5.406000137329102
36 80000.0 75000.0 3850000.0 9882161.85214294 9917883.553491008 912400.1295660993 913110.6205602598 13375319.528203664 13248327.943604542 13560552.79348106 13397685.241562301 5.299000024795532
37 80000.0 75000.0 4100000.0 9880375.796248123 9917168.0868741 910614.073671583 912392.7243809893 13375319.528203664 13248330.37315904 13560552.79348106 13397682.812009178 5.328000068664551
38 80000.0 75000.0 4350000.0 9878814.222477587 9916484.292638175 909052.499901102 911710.4350247064 13375319.528203664 13248328.86828065 13560552.79348106 13397684.316886313 6.263000011444092
39 80000.0 75000.0 4600000.0 9877453.835995076 9915830.410912711 907692.1134182368 911086.5863246559 13375319.528203664 13248298.835251356 13560552.79348106 13397714.349914543 5.378999948501587
40 20000.0 100000.0 3600000.0 16916857.02339592 16845303.0329604 1120510.5877544046 1104348.154763868 0.0 0.0 6733968.080421236 6661503.296291749 5.480999946594238
41 20000.0 100000.0 3850000.0 16905751.012679726 16838040.255505305 1109404.57703877 1097085.3773098453 0.0 0.0 6733968.080421236 6661503.296291749 5.332000017166138
42 20000.0 100000.0 4100000.0 16897919.992521748 16834308.096902005 1101573.556882179 1093353.2187057494 0.0 0.0 6733968.080421236 6661503.296291749 5.4029998779296875
43 20000.0 100000.0 4350000.0 16891104.470962238 16830943.32282679 1094758.0353217414 1089988.4446243825 0.0 0.0 6733968.080421236 6661503.296291749 5.3440001010894775
44 20000.0 100000.0 4600000.0 16885090.14739283 16828270.82127805 1088743.711754062 1087315.9430725432 0.0 0.0 6733968.080421236 6661503.296291749 5.33299994468689
45 40000.0 100000.0 3600000.0 11968222.640384307 12171967.228448004 1134788.5434371226 1120753.380164578 1771055.7417248832 1971762.2663659572 11696880.419118332 11351244.326219529 5.2799999713897705
46 40000.0 100000.0 3850000.0 11963713.620577913 12170541.831061589 1130279.5236317043 1119328.3363602357 1771055.7417248832 1971761.9127796956 11696880.419118332 11351244.679805197 5.325000047683716
47 40000.0 100000.0 4100000.0 11959775.39540514 12169678.252108045 1126341.2984588658 1118466.7899703514 1771055.7417248832 1971759.8802123275 11696880.419118332 11351246.712373039 5.283999919891357
48 40000.0 100000.0 4350000.0 11956408.159510292 12169038.065345066 1122974.0625637057 1117825.1082449043 1771055.7417248832 1971761.3751729974 11696880.419118332 11351245.217412597 5.35699987411499
49 40000.0 100000.0 4600000.0 11954924.51974018 12168443.74375784 1121490.422794401 1117229.5726874545 1771055.7417248832 1971762.5891424925 11696880.419118332 11351244.00344241 5.539999961853027
50 60000.0 100000.0 3600000.0 10113583.116880018 9859488.041688444 1119444.3638622146 1116110.8928466812 6665728.478216697 6325428.863210919 13536175.763047313 13659081.025669279 6.226999998092651
51 60000.0 100000.0 3850000.0 10110091.843874 9858836.441643823 1115953.0908581968 1115448.6667669548 6665728.478216697 6325439.489249901 13536175.763047313 13659070.399629787 6.328000068664551
52 60000.0 100000.0 4100000.0 10107981.333933596 9858230.617860056 1113842.5809170608 1114844.1098914968 6665728.478216697 6325438.222339163 13536175.763047313 13659071.666539451 6.361000061035156
53 60000.0 100000.0 4350000.0 10106787.662383767 9857649.54915603 1112648.9093675807 1114263.9693618435 6665728.478216697 6325437.294159302 13536175.763047313 13659072.594720768 5.4700000286102295
54 60000.0 100000.0 4600000.0 10105748.71579409 9857090.749398591 1111609.9627773915 1113715.024054694 6665728.478216697 6325427.439702567 13536175.763047313 13659082.44917704 5.325999975204468
55 80000.0 100000.0 3600000.0 8816835.838206079 8842651.84871715 1110392.7454685909 1108479.4567291697 12112000.89836377 11977727.40264371 14823871.423321364 14668285.782522561 5.365999937057495
56 80000.0 100000.0 3850000.0 8814912.70583274 8842054.360814331 1108469.6130966144 1107852.658142713 12112000.89836377 11977756.713336652 14823871.423321364 14668256.471829876 5.29800009727478
57 80000.0 100000.0 4100000.0 8813826.596138176 8841481.843011746 1107383.5034013428 1107279.052975478 12112000.89836377 11977757.800699722 14823871.423321364 14668255.38446681 5.325000047683716
58 80000.0 100000.0 4350000.0 8812883.430199016 8840929.184671555 1106440.3374622066 1106729.001526951 12112000.89836377 11977755.193805909 14823871.423321364 14668257.991359696 5.312000036239624
59 80000.0 100000.0 4600000.0 8812069.259839317 8840395.808672367 1105626.1671020759 1106220.9937531392 12112000.89836377 11977729.825578783 14823871.423321364 14668283.359587353 5.546000003814697
60 20000.0 125000.0 3600000.0 17079087.392741144 17007600.314407196 1282740.9570999786 1266645.4362037845 0.0 0.0 6733968.080421236 6661503.296291749 5.338000059127808
61 20000.0 125000.0 3850000.0 17068396.30532876 17000236.91375795 1272049.8696881905 1259282.035555223 0.0 0.0 6733968.080421236 6661503.296291749 5.3420000076293945
62 20000.0 125000.0 4100000.0 17060982.734222043 16996722.327560775 1264636.2985831425 1255767.449356814 0.0 0.0 6733968.080421236 6661503.296291749 5.316999912261963
63 20000.0 125000.0 4350000.0 17054525.562438242 16993582.56026433 1258179.12679761 1252627.682058993 0.0 0.0 6733968.080421236 6661503.296291749 5.3450000286102295
64 20000.0 125000.0 4600000.0 17048834.185390234 16991036.850060686 1252487.7497516617 1250081.9718629236 0.0 0.0 6733968.080421236 6661503.296291749 5.348999977111816
65 40000.0 125000.0 3600000.0 10918099.56935001 11135699.741654677 1321258.8149009892 1311163.5909843582 534462.39922654 745084.5687440374 12933473.761616165 12577922.023841422 5.355000019073486
66 40000.0 125000.0 3850000.0 10914860.523922857 11134431.046215799 1318019.7694743949 1309895.1023401348 534462.39922654 745084.3619472375 12933473.761616165 12577922.230638092 5.302000045776367
67 40000.0 125000.0 4100000.0 10912033.53489301 11133661.93049769 1315192.7804456016 1309126.8263958371 534462.39922654 745083.5221768874 12933473.761616165 12577923.070408441 5.303999900817871
68 40000.0 125000.0 4350000.0 10909573.33966669 11133127.542978901 1312732.585218712 1308591.2827243407 534462.39922654 745084.6783248376 12933473.761616165 12577921.914260471 5.371000051498413
69 40000.0 125000.0 4600000.0 10908525.127930516 11132631.729004387 1311684.3734838795 1308097.5946725293 534462.39922654 745082.5524115826 12933473.761616165 12577924.040173898 5.434000015258789
70 60000.0 125000.0 3600000.0 9043713.278936306 8803787.551458113 1301942.7488494941 1298114.3298271636 5413360.255281735 5087724.936001697 14788543.985982932 14896784.952878023 5.311000108718872
71 60000.0 125000.0 3850000.0 9041275.039937453 8803246.546367759 1299504.509852805 1297566.4593737547 5413360.255281735 5087731.8013689965 14788543.985982932 14896778.087510545 5.400000095367432
72 60000.0 125000.0 4100000.0 9039804.63735186 8802741.879568232 1298034.1072674468 1297060.3883884454 5413360.255281735 5087733.205552921 14788543.985982932 14896776.683326162 5.3999998569488525
73 60000.0 125000.0 4350000.0 9039086.14362512 8802253.4770462 1297315.613539399 1296571.103060247 5413360.255281735 5087734.088358856 14788543.985982932 14896775.800520224 5.414999961853027
74 60000.0 125000.0 4600000.0 9038468.400781337 8801780.22152416 1296697.870696064 1296097.7790882364 5413360.255281735 5087734.156808017 14788543.985982932 14896775.732070457 5.368000030517578
75 80000.0 125000.0 3600000.0 7743291.793046667 7760214.640231829 1292432.131283506 1289005.1082745031 10856417.46738251 10714764.542620579 16079454.85430114 15931248.642544223 5.313999891281128
76 80000.0 125000.0 3850000.0 7742030.960863632 7759720.60527145 1291171.29833199 1288496.9346811976 10856417.468150977 10714778.681257596 16079454.853532664 15931234.50390716 5.364000082015991
77 80000.0 125000.0 4100000.0 7741405.680823271 7759242.189112522 1290546.018292737 1288016.4387932082 10856417.468150977 10714780.76098556 16079454.853532664 15931232.424179954 5.41100001335144
78 80000.0 125000.0 4350000.0 7740872.769040685 7758776.052546676 1290013.1065098008 1287553.9887232147 10856417.468150977 10714777.074491864 16079454.853532664 15931236.110674089 5.482999801635742
79 80000.0 125000.0 4600000.0 7740420.480863705 7758322.278150243 1289560.8183322155 1287093.8150083015 10856417.468150977 10714783.47380286 16079454.853532664 15931229.71136194 5.4019999504089355
