 A V P E_backup_full E_backup_repr E_loss_stor_full E_loss_stor_repr E_curt_full E_curt_repr E_sol_full E_sol_repr t_repr
0 20000.0 50000.0 3600000.0         4.943000078201294
1 20000.0 50000.0 3850000.0         5.2769999504089355
2 20000.0 50000.0 4100000.0         5.373000144958496
3 20000.0 50000.0 4350000.0 16592380.836997658 17058701.596053936 720636.8058188369 725451.9997345912 75397.595537396 185505.741721384 6658570.484883834 6350799.207909307 6.288000106811523
4 20000.0 50000.0 4600000.0 16585038.744825438 17052018.43328485 713294.7136478272 718768.6837644492 75397.595537396 185505.89492920798 6658570.484883834 6350799.054701498 5.648000001907349
5 40000.0 50000.0 3600000.0         4.796999931335449
6 40000.0 50000.0 3850000.0         5.3450000286102295
7 40000.0 50000.0 4100000.0 14027214.641901145 14780717.611768428 709087.3188457013 716837.4538996619 4255748.9678347325 4452441.252886364 9212187.19300798 8620168.646375291 5.633000135421753
8 40000.0 50000.0 4350000.0 14021212.744126163 14774764.66273695 703085.4210683812 710884.8225063805 4255748.9678347325 4452440.935252951 9212187.19300798 8620168.964007976 5.705000162124634
9 40000.0 50000.0 4600000.0 14017958.597951574 14768992.940175712 699831.2748941265 705112.549171022 4255748.9678347325 4452441.486029612 9212187.19300798 8620168.413234135 5.625999927520752
10 60000.0 50000.0 3600000.0         4.733999967575073
11 60000.0 50000.0 3850000.0 12226730.50313483 12985252.291123804 704325.326430931 719217.9632562874 9193994.901906958 9190900.3725337 11007909.339356776 10418014.476357967 5.906999826431274
12 60000.0 50000.0 4100000.0 12222459.576220773 12979457.744037958 700054.3995160435 713421.6728346711 9193994.901906958 9190902.115868011 11007909.339356776 10418012.73302465 5.555999994277954
13 60000.0 50000.0 4350000.0 12219501.072566815 12974998.7088432 697095.8958600254 708963.6542809028 9193994.901906958 9190901.099223549 11007909.339356776 10418013.749668865 5.509000062942505
14 60000.0 50000.0 4600000.0 12216898.182801396 12970807.572814284 694493.0060953507 704771.4805343896 9193994.901906958 9190902.136949014 11007909.339356776 10418012.711945435 5.591000080108643
15 80000.0 50000.0 3600000.0  11197327.13103118  722201.8719676058  13936296.253353018  12208923.545170417 5.6600000858306885
16 80000.0 50000.0 3850000.0 10940857.160636373 11193038.13636768 696920.0748667055 717912.3731224681 14649494.891399235 13936296.75752891 12286377.430286905 12208923.04099487 5.490999937057495
17 80000.0 50000.0 4100000.0 10937984.567826312 11188847.13218989 694047.4820560425 713719.8749418575 14649494.891399235 13936298.25153422 12286377.430286905 12208921.546987934 5.5879998207092285
18 80000.0 50000.0 4350000.0 10935465.780757817 11184787.80396842 691528.694986766 709663.7648134434 14649494.891399235 13936295.033444287 12286377.430286905 12208924.765079554 5.651000022888184
19 80000.0 50000.0 4600000.0 10933258.05341923 11181105.89898508 689320.9232587955 705979.0913378198 14649494.935789015 13936297.801944058 12286377.385897128 12208921.99658163 5.566999912261963
20 20000.0 75000.0 3600000.0         4.888999938964844
21 20000.0 75000.0 3850000.0 16730294.266034873 17095319.055131108 933947.8303922749 947575.2005357954 0.0 0.0 6733968.080421236 6536304.949630705 5.879000186920166
22 20000.0 75000.0 4100000.0 16721854.474449845 17083520.03743412 925508.0388079395 935776.1828400712 0.0 0.0 6733968.080421236 6536304.949630705 5.610999822616577
23 20000.0 75000.0 4350000.0 16714516.528060105 17071981.790718064 918170.0924179419 924237.9361218696 0.0 0.0 6733968.080421236 6536304.949630705 5.569000005722046
24 20000.0 75000.0 4600000.0 16708032.928895695 17066377.41804398 911686.4932547624 918633.5634522446 0.0 0.0 6733968.080421236 6536304.949630705 5.64900016784668
25 40000.0 75000.0 3600000.0 13011181.561889742 13774859.12428557 938164.9969031352 948302.7062107091 3010638.209766237 3215117.513106252 10457297.951076578 9857492.38615392 5.647000074386597
26 40000.0 75000.0 3850000.0 13004951.649977373 13768928.49276448 931935.0849920593 952827.9853603481 3010638.209766237 3204661.602432135 10457297.951076578 9867948.296829484 5.6540000438690186
27 40000.0 75000.0 4100000.0 12999509.11165627 13763686.26997247 926492.5466708048 937131.2486856733 3010638.209766237 3215116.116320732 10457297.951076578 9857493.78294098 5.5879998207092285
28 40000.0 75000.0 4350000.0 12995037.301928 13758640.72892852 922020.7369419056 932084.4672732807 3010638.209766237 3215117.3566849916 10457297.951076578 9857492.542576443 6.245999813079834
29 40000.0 75000.0 4600000.0 12992854.275155906 13753724.41852752 919837.7101683369 927168.2128429317 3010638.209766237 3215117.300722212 10457297.951076578 9857492.598540025 7.21399998664856
30 60000.0 75000.0 3600000.0 11177828.837460622 11971362.157416163 924867.2009509351 940308.0250712206 7924551.36171202 7955920.177014488 12277352.879552178 11652994.671879431 5.914999961853027
31 60000.0 75000.0 3850000.0 11172933.07150039 11966303.919908948 919971.4349917602 935252.9492235086 7924551.36171202 7955917.015358171 12277352.879552178 11652997.833534217 5.877000093460083
32 60000.0 75000.0 4100000.0 11169936.925297087 11961385.61412416 916975.2887881371 930333.5307405167 7924551.36171202 7955918.128058479 12277352.879552178 11652996.720837997 6.052999973297119
33 60000.0 75000.0 4350000.0 11168045.1950497 11957483.14251797 915083.5585407336 926430.156455448 7924551.36171202 7955919.030734033 12277352.879552178 11652995.818159454 6.959000110626221
34 60000.0 75000.0 4600000.0 11166387.476091474 11953926.877767412 913425.8395829116 922876.6618550273 7924551.36171202 7955916.260593637 12277352.879552178 11652998.588302188 6.08899998664856
35 80000.0 75000.0 3600000.0 9884990.89350674 10177930.14373719 915229.1709296823 937701.7434298143 13375319.528203664 12701399.394604445 13560552.79348106 13443820.403917868 5.790999889373779
36 80000.0 75000.0 3850000.0 9882161.85214294 10174317.954466678 912400.1295660993 934089.8658547583 13375319.528203664 12701399.08290739 13560552.79348106 13443820.715616645 8.102999925613403
37 80000.0 75000.0 4100000.0 9880375.796248123 10170774.458847638 910614.073671583 930544.9907033164 13375319.528203664 12701400.462443914 13560552.79348106 13443819.336082984 6.519000053405762
38 80000.0 75000.0 4350000.0 9878814.222477587 10167292.123146309 909052.499901102 927068.0367149631 13375319.528203664 12701395.080725687 13560552.79348106 13443824.717799343 6.16100001335144
39 80000.0 75000.0 4600000.0 9877453.835995076 10164170.077331815 907692.1134182368 923942.6394758048 13375319.528203664 12701398.432152439 13560552.79348106 13443821.366370142 6.223999977111816
40 20000.0 100000.0 3600000.0 16916857.02339592 17280547.43704134 1120510.5877544046 1132803.5824502546 0.0 0.0 6733968.080421236 6536304.949630705 6.104000091552734
41 20000.0 100000.0 3850000.0 16905751.012679726 17269562.92265546 1109404.57703877 1121819.0680624258 0.0 0.0 6733968.080421236 6536304.949630705 6.190000057220459
42 20000.0 100000.0 4100000.0 16897919.992521748 17258813.614420418 1101573.556882179 1111069.7598257752 0.0 0.0 6733968.080421236 6536304.949630705 7.813999891281128
43 20000.0 100000.0 4350000.0 16891104.470962238 17248316.08264106 1094758.0353217414 1100572.2280437914 0.0 0.0 6733968.080421236 6536304.949630705 7.860000133514404
44 20000.0 100000.0 4600000.0 16885090.14739283 17242280.763782922 1088743.711754062 1094536.9091912804 0.0 0.0 6733968.080421236 6536304.949630705 6.273999929428101
45 40000.0 100000.0 3600000.0 11968222.640384307 12741219.780897815 1134788.5434371226 1148707.577214345 1771055.7417248832 1981073.2987124329 11696880.419118332 11091536.600549795 6.069999933242798
46 40000.0 100000.0 3850000.0 11963713.620577913 12736476.315225784 1130279.5236317043 1143964.108254403 1771055.7417248832 1981073.3019983326 11696880.419118332 11091536.597263547 6.272000074386597
47 40000.0 100000.0 4100000.0 11959775.39540514 12731848.109593961 1126341.2984588658 1139346.9634355048 1771055.7417248832 1981062.2411829531 11696880.419118332 11091547.658079414 6.026000022888184
48 40000.0 100000.0 4350000.0 11956408.159510292 12727391.872150196 1122974.0625637057 1134879.9358130007 1771055.7417248832 1981073.0313584327 11696880.419118332 11091536.867903845 6.455999851226807
49 40000.0 100000.0 4600000.0 11954924.51974018 12723029.418569695 1121490.422794401 1130518.0686614136 1771055.7417248832 1981072.4449372177 11696880.419118332 11091537.454325246 6.200999975204468
50 60000.0 100000.0 3600000.0 10113583.116880018 10937315.488320874 1119444.3638622146 1133410.763487097 6665728.478216697 6728770.769499155 13536175.763047313 12880144.079393115 6.164000034332275
51 60000.0 100000.0 3850000.0 10110091.843874 10932865.188815575 1115953.0908581968 1128959.0361599515 6665728.478216697 6728772.197317458 13536175.763047313 12880142.651577825 6.105000019073486
52 60000.0 100000.0 4100000.0 10107981.333933596 10928514.419614853 1113842.5809170608 1124622.6384686364 6665728.478216697 6728757.825804445 13536175.763047313 12880157.023091087 6.008000135421753
53 60000.0 100000.0 4350000.0 10106787.662383767 10924966.208546504 1112648.9093675807 1121059.0921909628 6665728.478216697 6728773.16101934 13536175.763047313 12880141.687874444 6.164999961853027
54 60000.0 100000.0 4600000.0 10105748.71579409 10921819.518378327 1111609.9627773915 1117915.7509578008 6665728.478216697 6728769.812083564 13536175.763047313 12880145.036811495 6.167999982833862
55 80000.0 100000.0 3600000.0 8816835.838206079 9144297.07491214 1110392.7454685909 1131131.3287721416 12112000.89836377 11474336.740432296 14823871.423321364 14670883.058093553 6.16700005531311
56 80000.0 100000.0 3850000.0 8814912.70583274 9141065.862955114 1108469.6130966144 1127899.1211681894 12112000.89836377 11474337.736076865 14823871.423321364 14670882.062448448 6.128999948501587
57 80000.0 100000.0 4100000.0 8813826.596138176 9137939.316241497 1107383.5034013428 1124805.8558781554 12112000.89836377 11474304.454655312 14823871.423321364 14670915.343868162 6.010999917984009
58 80000.0 100000.0 4350000.0 8812883.430199016 9134849.17091337 1106440.3374622066 1121681.6212543233 12112000.89836377 11474338.543952487 14823871.423321364 14670881.254571011 6.13100004196167
59 80000.0 100000.0 4600000.0 8812069.259839317 9132965.251318982 1105626.1671020759 1119800.3172331937 12112000.89836377 11474335.928383293 14823871.423321364 14670883.870141791 6.059000015258789
60 20000.0 125000.0 3600000.0 17079087.392741144 17441523.637941193 1282740.9570999786 1293779.7833539634 0.0 0.0 6733968.080421236 6536304.949630705 7.045000076293945
61 20000.0 125000.0 3850000.0 17068396.30532876 17431306.45168354 1272049.8696881905 1283562.59709339 0.0 0.0 6733968.080421236 6536304.949630705 7.765999794006348
62 20000.0 125000.0 4100000.0 17060982.734222043 17421300.336707205 1264636.2985831425 1273556.4821174985 0.0 0.0 6733968.080421236 6536304.949630705 6.468000173568726
63 20000.0 125000.0 4350000.0 17054525.562438242 17411540.81585492 1258179.12679761 1263796.9612612096 0.0 0.0 6733968.080421236 6536304.949630705 6.501999855041504
64 20000.0 125000.0 4600000.0 17048834.185390234 17405124.379901543 1252487.7497516617 1257380.5253099832 0.0 0.0 6733968.080421236 6536304.949630705 5.9659998416900635
65 40000.0 125000.0 3600000.0 10918099.56935001 11698960.270244405 1321258.8149009892 1333787.9320945132 534462.39922654 753733.4331797101 12933473.761616165 12318876.466081899 5.643999814987183
66 40000.0 125000.0 3850000.0 10914860.523922857 11694696.22078064 1318019.7694743949 1329522.9085129963 534462.39922654 753734.40730303 12933473.761616165 12318875.491958778 5.822000026702881
67 40000.0 125000.0 4100000.0 10912033.53489301 11690512.895424161 1315192.7804456016 1325343.5555534353 534462.39922654 753730.43490289 12933473.761616165 12318879.46435855 6.141999959945679
68 40000.0 125000.0 4350000.0 10909573.33966669 11686483.467204992 1312732.585218712 1321309.794181801 534462.39922654 753734.76805513 12933473.761616165 12318875.131206904 5.9709999561309814
69 40000.0 125000.0 4600000.0 10908525.127930516 11682521.051877871 1311684.3734838795 1317347.4176471457 534462.39922654 753734.72926258 12933473.761616165 12318875.169998728 5.889999866485596
70 60000.0 125000.0 3600000.0 9043713.278936306 9893601.685170345 1301942.7488494941 1318286.1400265393 5413360.255281735 5500181.589807771 14788543.985982932 14108733.259084973 5.562000036239624
71 60000.0 125000.0 3850000.0 9041275.039937453 9889590.75229793 1299504.509852805 1314278.2349569097 5413360.255281735 5500178.5619973205 14788543.985982932 14108736.286896154 5.480999946594238
72 60000.0 125000.0 4100000.0 9039804.63735186 9885649.240554187 1298034.1072674468 1310352.5312446128 5413360.255281735 5500162.753968481 14788543.985982932 14108752.094925623 5.4670000076293945
73 60000.0 125000.0 4350000.0 9039086.14362512 9882352.28690633 1297315.613539399 1307037.400226145 5413360.255281735 5500180.93133681 14788543.985982932 14108733.917556133 6.471999883651733
74 60000.0 125000.0 4600000.0 9038468.400781337 9880332.978072943 1296697.870696064 1305016.5969246267 5413360.255281735 5500182.425809011 14788543.985982932 14108732.423084227 6.394999980926514
75 80000.0 125000.0 3600000.0 7743291.793046667 8100936.988890313 1292432.131283506 1309559.3596433778 10856417.46738251 10252548.623542037 16079454.85430114 15892671.174983855 5.831999778747559
76 80000.0 125000.0 3850000.0 7742030.960863632 8098685.173968334 1291171.29833199 1307303.4266582294 10856417.468150977 10252552.741601788 16079454.853532664 15892667.056923287 7.9690001010894775
77 80000.0 125000.0 4100000.0 7741405.680823271 8097480.402634935 1290546.018292737 1306133.7420404733 10856417.468150977 10252517.654887382 16079454.853532664 15892702.143637234 5.6600000858306885
78 80000.0 125000.0 4350000.0 7740872.769040685 8096333.87560403 1290013.1065098008 1304952.8208548867 10856417.468150977 10252552.049033668 16079454.853532664 15892667.74949098 5.615000009536743
79 80000.0 125000.0 4600000.0 7740420.480863705 8095427.666817747 1289560.8183322155 1304047.3737691136 10856417.468150977 10252551.287338808 16079454.853532664 15892668.511184463 5.585000038146973
