 A V P E_backup_full E_backup_repr E_loss_stor_full E_loss_stor_repr E_curt_full E_curt_repr E_sol_full E_sol_repr t_repr
0 20000.0 50000.0 3600000.0         4.4019999504089355
1 20000.0 50000.0 3850000.0         4.746000051498413
2 20000.0 50000.0 4100000.0         4.817000150680542
3 20000.0 50000.0 4350000.0 16592380.836997658 16016463.6593481 720636.8058188369 728660.335015371 75397.595537396 0.0 6658570.484883834 6774278.055075202 5.462000131607056
4 20000.0 50000.0 4600000.0 16585038.744825438 16007130.157329641 713294.7136478272 719326.8329964507 75397.595537396 0.0 6658570.484883834 6774278.055075202 5.0340001583099365
5 40000.0 50000.0 3600000.0         4.450999975204468
6 40000.0 50000.0 3850000.0         4.754999876022339
7 40000.0 50000.0 4100000.0 14027214.641901145 12983719.763451478 709087.3188457013 716729.8561625441 4255748.9678347325 3753464.6380228926 9212187.19300798 9795091.472128825 5.140999794006348
8 40000.0 50000.0 4350000.0 14021212.744126163 12974492.08367196 703085.4210683812 707494.9899793265 4255748.9678347325 3753471.8244257267 9212187.19300798 9795084.285725672 5.0959999561309814
9 40000.0 50000.0 4600000.0 14017958.597951574 12965380.547787728 699831.2748941265 698391.1948800837 4255748.9678347325 3753464.083638276 9212187.19300798 9795092.026514264 5.042999982833862
10 60000.0 50000.0 3600000.0         4.370000123977661
11 60000.0 50000.0 3850000.0 12226730.50313483 11015665.56215868 704325.326430931 723392.3397813705 9193994.901906958 8553026.008194366 11007909.339356776 11769808.157028416 5.3459999561309814
12 60000.0 50000.0 4100000.0 12222459.576220773 11007650.72034344 700054.3995160435 715335.3422842604 9193994.901906958 8553068.163869308 11007909.339356776 11769766.00135178 4.99399995803833
13 60000.0 50000.0 4350000.0 12219501.072566815 11000441.100770948 697095.8958600254 708125.4288977341 9193994.901906958 8553068.457684737 11007909.339356776 11769765.707540397 5.049999952316284
14 60000.0 50000.0 4600000.0 12216898.182801396 10993446.151939819 694493.0060953507 701168.6062724233 9193994.901906958 8553030.331466775 11007909.339356776 11769803.833756078 5.111999988555908
15 80000.0 50000.0 3600000.0  9397297.542569213  722881.6471927963  13709446.736268532  13387665.484029328 5.00600004196167
16 80000.0 50000.0 3850000.0 10940857.160636373 9378970.770838661 696920.0748667055 716619.3610366539 14649494.891399235 13697382.25069338 12286377.430286905 13399729.969601834 5.010999917984009
17 80000.0 50000.0 4100000.0 10937984.567826312 9371118.782133231 694047.4820560425 708733.3467904777 14649494.891399235 13697416.276236847 12286377.430286905 13399695.944062646 5.134999990463257
18 80000.0 50000.0 4350000.0 10935465.780757817 9364753.852331959 691528.694986766 702371.2795794081 14649494.891399235 13697413.41364074 12286377.430286905 13399698.80665548 5.059999942779541
19 80000.0 50000.0 4600000.0 10933258.05341923 9363029.029387081 689320.9232587955 700681.0044438585 14649494.935789015 13697378.865834614 12286377.385897128 13399733.354461528 5.177000045776367
20 20000.0 75000.0 3600000.0         4.5320000648498535
21 20000.0 75000.0 3850000.0 16730294.266034873 16226792.877821011 933947.8303922749 938989.5534888015 0.0 0.0 6733968.080421236 6774278.055075202 5.687999963760376
22 20000.0 75000.0 4100000.0 16721854.474449845 16218241.12351279 925508.0388079395 930437.7991779916 0.0 0.0 6733968.080421236 6774278.055075202 5.212000131607056
23 20000.0 75000.0 4350000.0 16714516.528060105 16209936.767497381 918170.0924179419 922133.44316152 0.0 0.0 6733968.080421236 6774278.055075202 5.4670000076293945
24 20000.0 75000.0 4600000.0 16708032.928895695 16201776.682424434 911686.4932547624 913973.3580887046 0.0 0.0 6733968.080421236 6774278.055075202 5.204999923706055
25 40000.0 75000.0 3600000.0 13011181.561889742 11974913.570907012 938164.9969031352 955243.5172881066 3010638.209766237 2506144.784353747 10457297.951076578 11042411.325798327 5.314000129699707
26 40000.0 75000.0 3850000.0 13004951.649977373 11966650.565400451 931935.0849920593 946981.0771726524 3010638.209766237 2506144.2189608873 10457297.951076578 11042411.891191429 5.230999946594238
27 40000.0 75000.0 4100000.0 12999509.11165627 11958488.97835842 926492.5466708048 938819.9816727353 3010638.209766237 2506143.7274188427 10457297.951076578 11042412.382733755 5.135999917984009
28 40000.0 75000.0 4350000.0 12995037.301928 11950533.8416945 922020.7369419056 930865.0810006672 3010638.209766237 2506143.491428924 10457297.951076578 11042412.618723335 4.996999979019165
29 40000.0 75000.0 4600000.0 12992854.275155906 11942682.471042 919837.7101683369 923013.5141680303 3010638.209766237 2506143.6876090085 10457297.951076578 11042412.42254283 5.0940001010894775
30 60000.0 75000.0 3600000.0 11177828.837460622 9972273.21277324 924867.2009509351 940651.8463926661 7924551.36171202 7292374.1521882145 12277352.879552178 13030460.01303242 5.136999845504761
31 60000.0 75000.0 3850000.0 11172933.07150039 9965287.987686867 919971.4349917602 933658.329258385 7924551.36171202 7292382.444244281 12277352.879552178 13030451.720978782 5.20199990272522
32 60000.0 75000.0 4100000.0 11169936.925297087 9958397.180509739 916975.2887881371 926752.9192470646 7924551.36171202 7292397.047074132 12277352.879552178 13030437.118147215 5.738999843597412
33 60000.0 75000.0 4350000.0 11168045.1950497 9952113.157316899 915083.5585407336 920468.6134088382 7924551.36171202 7292397.32971064 12277352.879552178 13030436.835510353 6.791000127792358
34 60000.0 75000.0 4600000.0 11166387.476091474 9947151.840251796 913425.8395829116 915528.4564952251 7924551.36171202 7292376.169567997 12277352.879552178 13030457.99565408 5.167999982833862
35 80000.0 75000.0 3600000.0 9884990.89350674 8335392.300246368 915229.1709296823 934927.9165242998 13375319.528203664 12435495.224617302 13560552.79348106 14661616.995679867 4.979000091552734
36 80000.0 75000.0 3850000.0 9882161.85214294 8329596.36691472 912400.1295660993 929113.2858007898 13375319.528203664 12435513.92200669 13560552.79348106 14661598.298289103 5.0
37 80000.0 75000.0 4100000.0 9880375.796248123 8326732.76325504 910614.073671583 926228.9231064051 13375319.528203664 12435534.681043325 13560552.79348106 14661577.53925365 5.05400013923645
38 80000.0 75000.0 4350000.0 9878814.222477587 8324265.779620678 909052.499901102 923758.9068477603 13375319.528203664 12435537.713661514 13560552.79348106 14661574.506634137 5.026000022888184
39 80000.0 75000.0 4600000.0 9877453.835995076 8322748.009059655 907692.1134182368 922279.9529045441 13375319.528203664 12435498.897044363 13560552.79348106 14661613.323253296 5.005000114440918
40 20000.0 100000.0 3600000.0 16916857.02339592 16408359.573912043 1120510.5877544046 1120556.2495758487 0.0 0.0 6733968.080421236 6774278.055075202 5.203999996185303
41 20000.0 100000.0 3850000.0 16905751.012679726 16400437.120043833 1109404.57703877 1112633.7957101758 0.0 0.0 6733968.080421236 6774278.055075202 5.194000005722046
42 20000.0 100000.0 4100000.0 16897919.992521748 16392654.360884886 1101573.556882179 1104851.036551539 0.0 0.0 6733968.080421236 6774278.055075202 5.159999847412109
43 20000.0 100000.0 4350000.0 16891104.470962238 16385091.948860178 1094758.0353217414 1097288.6245271133 0.0 0.0 6733968.080421236 6774278.055075202 4.985000133514404
44 20000.0 100000.0 4600000.0 16885090.14739283 16377669.827633604 1088743.711754062 1089866.5032982149 0.0 0.0 6733968.080421236 6774278.055075202 5.163000106811523
45 40000.0 100000.0 3600000.0 11968222.640384307 10934239.167406106 1134788.5434371226 1152128.0505979792 1771055.7417248832 1268585.8475395874 11696880.419118332 12279970.26261345 4.9679999351501465
46 40000.0 100000.0 3850000.0 11963713.620577913 10926857.290540569 1130279.5236317043 1144751.820402945 1771055.7417248832 1268580.200866741 11696880.419118332 12279975.909285737 5.028000116348267
47 40000.0 100000.0 4100000.0 11959775.39540514 10919550.845371315 1126341.2984588658 1137447.8772516705 1771055.7417248832 1268577.698854367 11696880.419118332 12279978.41129809 5.009000062942505
48 40000.0 100000.0 4350000.0 11956408.159510292 10912403.937470203 1122974.0625637057 1130299.0902633744 1771055.7417248832 1268579.5779405888 11696880.419118332 12279976.532212289 4.937000036239624
49 40000.0 100000.0 4600000.0 11954924.51974018 10906948.49126202 1121490.422794401 1124842.4526204867 1771055.7417248832 1268580.769378387 11696880.419118332 12279975.34077393 5.010999917984009
50 60000.0 100000.0 3600000.0 10113583.116880018 8910831.0651419 1119444.3638622146 1137803.787845683 6665728.478216697 6033780.063110987 13536175.763047313 14289054.102109887 5.02400016784668
51 60000.0 100000.0 3850000.0 10110091.843874 8904586.26621432 1115953.0908581968 1131599.5434668048 6665728.478216697 6033739.508560753 13536175.763047313 14289094.656661352 5.109999895095825
52 60000.0 100000.0 4100000.0 10107981.333933596 8900195.726749873 1113842.5809170608 1127168.4265524365 6665728.478216697 6033780.08600882 13536175.763047313 14289054.079212792 5.016999959945679
53 60000.0 100000.0 4350000.0 10106787.662383767 8897855.195061158 1112648.9093675807 1124830.5534197579 6665728.478216697 6033777.427444603 13536175.763047313 14289056.737776807 4.966000080108643
54 60000.0 100000.0 4600000.0 10105748.71579409 8895729.70040584 1111609.9627773915 1122716.3319725057 6665728.478216697 6033766.154234949 13536175.763047313 14289068.010987507 5.059000015258789
55 80000.0 100000.0 3600000.0 8816835.838206079 7278025.64746476 1110392.7454685909 1128654.7739540327 12112000.89836377 11184401.714406125 14823871.423321364 15912710.50588945 4.940000057220459
56 80000.0 100000.0 3850000.0 8814912.70583274 7275520.015307416 1108469.6130966144 1126174.3023251293 12112000.89836377 11184376.55388545 14823871.423321364 15912735.666411601 4.929999828338623
57 80000.0 100000.0 4100000.0 8813826.596138176 7273107.231711577 1107383.5034013428 1123735.309444532 12112000.89836377 11184402.76316459 14823871.423321364 15912709.457132334 5.034999847412109
58 80000.0 100000.0 4350000.0 8812883.430199016 7270988.9111065995 1106440.3374622066 1121618.1400776657 12112000.89836377 11184401.611920124 14823871.423321364 15912710.608376969 5.130000114440918
59 80000.0 100000.0 4600000.0 8812069.259839317 7269603.759837959 1105626.1671020759 1120260.162818101 12112000.89836377 11184374.437909693 14823871.423321364 15912737.782385074 5.07699990272522
60 20000.0 125000.0 3600000.0 17079087.392741144 16568954.345737573 1282740.9570999786 1281151.0214032002 0.0 0.0 6733968.080421236 6774278.055075202 5.016000032424927
61 20000.0 125000.0 3850000.0 17068396.30532876 16561586.009228475 1272049.8696881905 1273782.6848921897 0.0 0.0 6733968.080421236 6774278.055075202 4.959000110626221
62 20000.0 125000.0 4100000.0 17060982.734222043 16554353.2896001 1264636.2985831425 1266549.965266085 0.0 0.0 6733968.080421236 6774278.055075202 4.960000038146973
63 20000.0 125000.0 4350000.0 17054525.562438242 16547312.268351665 1258179.12679761 1259508.9440155688 0.0 0.0 6733968.080421236 6774278.055075202 5.088000059127808
64 20000.0 125000.0 4600000.0 17048834.185390234 16540413.477414982 1252487.7497516617 1252610.1530775924 0.0 0.0 6733968.080421236 6774278.055075202 4.911999940872192
65 40000.0 125000.0 3600000.0 10918099.56935001 9884662.89907393 1321258.8149009892 1335667.0488014242 534462.39922654 35470.580998879996 12933473.761616165 13513085.529153438 4.96399998664856
66 40000.0 125000.0 3850000.0 10914860.523922857 9877914.80392463 1318019.7694743949 1328919.5657057667 534462.39922654 35469.96894828 12933473.761616165 13513086.14120384 5.008000135421753
67 40000.0 125000.0 4100000.0 10912033.53489301 9872119.20264372 1315192.7804456016 1323123.9644237794 534462.39922654 35469.96894828 12933473.761616165 13513086.14120384 5.082000017166138
68 40000.0 125000.0 4350000.0 10909573.33966669 9869244.96644078 1312732.585218712 1320248.8930869305 534462.39922654 35470.804084519994 12933473.761616165 13513085.30606752 4.96399998664856
69 40000.0 125000.0 4600000.0 10908525.127930516 9866515.34180082 1311684.3734838795 1317519.4915332424 534462.39922654 35470.580998879996 12933473.761616165 13513085.529153438 5.07099986076355
70 60000.0 125000.0 3600000.0 9043713.278936306 7844105.453501512 1301942.7488494941 1321890.683993348 5413360.255281735 4782967.555317348 14788543.985982932 15539866.609905846 5.122999906539917
71 60000.0 125000.0 3850000.0 9041275.039937453 7841711.28413844 1299504.509852805 1319509.3705256335 5413360.255281735 4782954.69942433 14788543.985982932 15539879.465797363 5.0980000495910645
72 60000.0 125000.0 4100000.0 9039804.63735186 7839410.556489288 1298034.1072674468 1317204.9073953333 5413360.255281735 4782958.43490235 14788543.985982932 15539875.730318623 5.046000003814697
73 60000.0 125000.0 4350000.0 9039086.14362512 7837365.65086916 1297315.613539399 1315151.188818314 5413360.255281735 4782967.247859856 14788543.985982932 15539866.917361714 5.067000150680542
74 60000.0 125000.0 4600000.0 9038468.400781337 7835526.8061786005 1296697.870696064 1313326.8261595457 5413360.255281735 4782952.76583337 14788543.985982932 15539881.399388822 5.0340001583099365
75 80000.0 125000.0 3600000.0 7743291.793046667 6215338.672073745 1292432.131283506 1316937.9298875788 10856417.46738251 9933431.58307957 16079454.85430114 17163680.637217667 5.055999994277954
76 80000.0 125000.0 3850000.0 7742030.960863632 6213186.034128559 1291171.29833199 1314798.0718910745 10856417.468150977 9933418.803134019 16079454.853532664 17163693.417162687 4.950999975204468
77 80000.0 125000.0 4100000.0 7741405.680823271 6211157.005253736 1290546.018292737 1312754.777311283 10856417.468150977 9933433.068834038 16079454.853532664 17163679.151462875 4.996999979019165
78 80000.0 125000.0 4350000.0 7740872.769040685 6209929.530634811 1290013.1065098008 1311528.7399037804 10856417.468150977 9933431.6316277 16079454.853532664 17163680.588668842 5.062000036239624
79 80000.0 125000.0 4600000.0 7740420.480863705 6209138.5990484925 1289560.8183322155 1310749.690073815 10856417.468150977 9933419.74987728 16079454.853532664 17163692.47042047 4.980000019073486
