 A V P E_backup_full E_backup_repr E_loss_stor_full E_loss_stor_repr E_curt_full E_curt_repr E_sol_full E_sol_repr t_repr
0 20000.0 50000.0 3600000.0         3.7639999389648438
1 20000.0 50000.0 3850000.0         4.332000017166138
2 20000.0 50000.0 4100000.0         4.085999965667725
3 20000.0 50000.0 4350000.0 16592380.836997658 16451821.588598507 720636.8058188369 717239.707525583 75397.595537396 0.0 6658570.484883834 6514391.18439898 4.728999853134155
4 20000.0 50000.0 4600000.0 16585038.744825438 16442698.23249206 713294.7136478272 708116.3514168779 75397.595537396 0.0 6658570.484883834 6514391.18439898 4.41100001335144
5 40000.0 50000.0 3600000.0         4.0899999141693115
6 40000.0 50000.0 3850000.0         4.450000047683716
7 40000.0 50000.0 4100000.0 14027214.641901145 12163290.6465002 709087.3188457013 737057.7219016413 4255748.9678347325 2206042.227910474 9212187.19300798 10822740.140890641 4.916999816894531
8 40000.0 50000.0 4350000.0 14021212.744126163 12154073.18865313 703085.4210683812 727840.6615209134 4255748.9678347325 2206041.8304471574 9212187.19300798 10822740.538353236 4.508000135421753
9 40000.0 50000.0 4600000.0 14017958.597951574 12144945.9644886 699831.2748941265 718715.9490707938 4255748.9678347325 2206039.318727866 9212187.19300798 10822743.050072324 4.415999889373779
10 60000.0 50000.0 3600000.0         3.746999979019165
11 60000.0 50000.0 3850000.0 12226730.50313483 10588057.9883006 704325.326430931 729024.95230772 9193994.901906958 7153233.523707023 11007909.339356776 12389940.029492086 4.726999998092651
12 60000.0 50000.0 4100000.0 12222459.576220773 10578958.553388901 700054.3995160435 719932.0621148399 9193994.901906958 7153226.97898757 11007909.339356776 12389946.57421184 4.38100004196167
13 60000.0 50000.0 4350000.0 12219501.072566815 10569940.9386041 697095.8958600254 710910.6030358272 9193994.901906958 7153230.823278282 11007909.339356776 12389942.729921656 4.4009997844696045
14 60000.0 50000.0 4600000.0 12216898.182801396 10563665.79831702 694493.0060953507 704644.5733072787 9193994.901906958 7153221.712722389 11007909.339356776 12389951.84047702 4.334000110626221
15 80000.0 50000.0 3600000.0  9041712.593088899  720911.4891712953  12129392.776042636  13928171.961555844 4.374000072479248
16 80000.0 50000.0 3850000.0 10940857.160636373 9032908.468459759 696920.0748667055 712097.9843126404 14649494.891399235 12129402.156274961 12286377.430286905 13928162.581324654 4.380000114440918
17 80000.0 50000.0 4100000.0 10937984.567826312 9028731.57642008 694047.4820560425 707931.9307342567 14649494.891399235 12129391.317811884 12286377.430286905 13928173.419786567 4.596999883651733
18 80000.0 50000.0 4350000.0 10935465.780757817 9025433.68003223 691528.694986766 704626.8063313818 14649494.891399235 12129398.545819849 12286377.430286905 13928166.191778364 4.488999843597412
19 80000.0 50000.0 4600000.0 10933258.05341923 9025303.166914841 689320.9232587955 704496.0651145692 14649494.935789015 12129398.773918435 12286377.385897128 13928165.963680077 4.482000112533569
20 20000.0 75000.0 3600000.0         3.749000072479248
21 20000.0 75000.0 3850000.0 16730294.266034873 16664003.87161914 933947.8303922749 929421.9905363338 0.0 0.0 6733968.080421236 6514391.18439898 4.772000074386597
22 20000.0 75000.0 4100000.0 16721854.474449845 16655499.82261828 925508.0388079395 920917.9415374846 0.0 0.0 6733968.080421236 6514391.18439898 4.438999891281128
23 20000.0 75000.0 4350000.0 16714516.528060105 16647132.1229564 918170.0924179419 912550.2418741637 0.0 0.0 6733968.080421236 6514391.18439898 4.386000156402588
24 20000.0 75000.0 4600000.0 16708032.928895695 16639179.851637982 911686.4932547624 904597.9705585482 0.0 0.0 6733968.080421236 6514391.18439898 4.378000020980835
25 40000.0 75000.0 3600000.0 13011181.561889742 11125466.0185565 938164.9969031352 971673.1026505823 3010638.209766237 933602.2192155288 10457297.951076578 12095180.149586488 4.380000114440918
26 40000.0 75000.0 3850000.0 13004951.649977373 11117369.621382099 931935.0849920593 963584.3878829837 3010638.209766237 933594.5368135488 10457297.951076578 12095187.831987284 4.378999948501587
27 40000.0 75000.0 4100000.0 12999509.11165627 11109368.0097045 926492.5466708048 955581.6414868045 3010638.209766237 933595.6715307839 10457297.951076578 12095186.697270367 4.349999904632568
28 40000.0 75000.0 4350000.0 12995037.301928 11101444.822918111 922020.7369419056 947655.6804953186 3010638.209766237 933598.445734181 10457297.951076578 12095183.923065614 4.426000118255615
29 40000.0 75000.0 4600000.0 12992854.275155906 11093587.3042215 919837.7101683369 939797.7093211508 3010638.209766237 933598.8982115688 10457297.951076578 12095183.470589725 4.685999870300293
30 60000.0 75000.0 3600000.0 11177828.837460622 9541468.6629548 924867.2009509351 956132.264133755 7924551.36171202 5879536.886542688 12277352.879552178 13663636.6666563 4.377000093460083
31 60000.0 75000.0 3850000.0 11172933.07150039 9533575.8929178 919971.4349917602 948235.4549994833 7924551.36171202 5879540.925639685 12277352.879552178 13663632.627561042 4.373000144958496
32 60000.0 75000.0 4100000.0 11169936.925297087 9526558.964757 916975.2887881371 941217.4771661044 7924551.36171202 5879541.975309181 12277352.879552178 13663631.577889927 4.438999891281128
33 60000.0 75000.0 4350000.0 11168045.1950497 9522930.74183492 915083.5585407336 937589.3074771796 7924551.36171202 5879541.922072944 12277352.879552178 13663631.631126342 4.391999959945679
34 60000.0 75000.0 4600000.0 11166387.476091474 9519595.74634692 913425.8395829116 934247.6473808179 7924551.36171202 5879548.586684773 12277352.879552178 13663624.966513963 4.396000146865845
35 80000.0 75000.0 3600000.0 9884990.89350674 7989954.62281912 915229.1709296823 944416.7754080627 13375319.528203664 10854129.519539371 13560552.79348106 15203435.21805902 4.375
36 80000.0 75000.0 3850000.0 9882161.85214294 7986429.96199412 912400.1295660993 940895.8381299356 13375319.528203664 10854125.795993697 13560552.79348106 15203438.941604456 4.424999952316284
37 80000.0 75000.0 4100000.0 9880375.796248123 7983026.53011524 910614.073671583 937493.7206284797 13375319.528203664 10854124.48161681 13560552.79348106 15203440.255979542 4.354999780654907
38 80000.0 75000.0 4350000.0 9878814.222477587 7979984.06299952 909052.499901102 934449.251593348 13375319.528203664 10854126.483536515 13560552.79348106 15203438.254059734 4.395999908447266
39 80000.0 75000.0 4600000.0 9877453.835995076 7979888.66616095 907692.1134182368 934353.0793541458 13375319.528203664 10854127.258932605 13560552.79348106 15203437.478664258 4.441999912261963
40 20000.0 100000.0 3600000.0 16916857.02339592 16849379.462209564 1120510.5877544046 1114797.58112783 0.0 0.0 6733968.080421236 6514391.18439898 4.349999904632568
41 20000.0 100000.0 3850000.0 16905751.012679726 16838867.59331612 1109404.57703877 1104285.7122369604 0.0 0.0 6733968.080421236 6514391.18439898 4.368000030517578
42 20000.0 100000.0 4100000.0 16897919.992521748 16831127.89534452 1101573.556882179 1096546.0142650472 0.0 0.0 6733968.080421236 6514391.18439898 4.346999883651733
43 20000.0 100000.0 4350000.0 16891104.470962238 16823514.20968148 1094758.0353217414 1088932.3285997312 0.0 0.0 6733968.080421236 6514391.18439898 4.406000137329102
44 20000.0 100000.0 4600000.0 16885090.14739283 16816300.58995472 1088743.711754062 1081718.7088752943 0.0 0.0 6733968.080421236 6514391.18439898 4.379999876022339
45 40000.0 100000.0 3600000.0 11968222.640384307 10382187.931238359 1134788.5434371226 1161997.2345484209 1771055.7417248832 0.0 11696880.419118332 13028782.368800694 4.33299994468689
46 40000.0 100000.0 3850000.0 11963713.620577913 10374928.1027485 1130279.5236317043 1154737.4060596866 1771055.7417248832 0.0 11696880.419118332 13028782.368800694 4.4059998989105225
47 40000.0 100000.0 4100000.0 11959775.39540514 10367743.2134377 1126341.2984588658 1147552.5167473515 1771055.7417248832 0.0 11696880.419118332 13028782.368800694 4.34499979019165
48 40000.0 100000.0 4350000.0 11956408.159510292 10360620.3031795 1122974.0625637057 1140429.606488596 1771055.7417248832 0.0 11696880.419118332 13028782.368800694 4.3429999351501465
49 40000.0 100000.0 4600000.0 11954924.51974018 10356468.59184932 1121490.422794401 1136277.8951583651 1771055.7417248832 0.0 11696880.419118332 13028782.368800694 4.45799994468689
50 60000.0 100000.0 3600000.0 10113583.116880018 8475721.629345201 1119444.3638622146 1151804.9621133013 6665728.478216697 4618117.1549463505 13536175.763047313 14925056.39825439 4.38100004196167
51 60000.0 100000.0 3850000.0 10110091.843874 8472355.724684143 1115953.0908581968 1148438.6812823953 6665728.478216697 4618117.531111891 13536175.763047313 14925056.022087215 4.324000120162964
52 60000.0 100000.0 4100000.0 10107981.333933596 8469166.61445712 1113842.5809170608 1145260.0707520943 6665728.478216697 4618107.031423529 13536175.763047313 14925066.52177582 4.482000112533569
53 60000.0 100000.0 4350000.0 10106787.662383767 8466079.872764 1112648.9093675807 1142169.9307526473 6665728.478216697 4618110.429722161 13536175.763047313 14925063.123477247 4.371999979019165
54 60000.0 100000.0 4600000.0 10105748.71579409 8463078.76987608 1111609.9627773915 1139167.9984722391 6665728.478216697 4618111.259122221 13536175.763047313 14925062.29407784 4.380000114440918
55 80000.0 100000.0 3600000.0 8816835.838206079 6931127.04226888 1110392.7454685909 1148088.4027629236 12112000.89836377 9591630.311636223 14823871.423321364 16465934.425962951 4.33899998664856
56 80000.0 100000.0 3850000.0 8814912.70583274 6928148.55523256 1108469.6130966144 1145103.3473905681 12112000.89836377 9591636.87997098 14823871.423321364 16465927.85762777 4.552999973297119
57 80000.0 100000.0 4100000.0 8813826.596138176 6925252.9329144005 1107383.5034013428 1142216.5722659524 12112000.89836377 9591628.032777721 14823871.423321364 16465936.704821208 4.433000087738037
58 80000.0 100000.0 4350000.0 8812883.430199016 6924812.342513858 1106440.3374622066 1141769.990960125 12112000.89836377 9591634.023677578 14823871.423321364 16465930.713918777 4.353999853134155
59 80000.0 100000.0 4600000.0 8812069.259839317 6924626.6779044 1105626.1671020759 1141594.2720601733 12112000.89836377 9591624.077969156 14823871.423321364 16465940.659628998 4.3480000495910645
60 20000.0 125000.0 3600000.0 17079087.392741144 17011774.211758457 1282740.9570999786 1277192.330682902 0.0 0.0 6733968.080421236 6514391.18439898 4.424999952316284
61 20000.0 125000.0 3850000.0 17068396.30532876 17000930.433220092 1272049.8696881905 1266348.5521374817 0.0 0.0 6733968.080421236 6514391.18439898 4.484999895095825
62 20000.0 125000.0 4100000.0 17060982.734222043 16993732.73021668 1264636.2985831425 1259150.8491346834 0.0 0.0 6733968.080421236 6514391.18439898 4.360000133514404
63 20000.0 125000.0 4350000.0 17054525.562438242 16986653.768650908 1258179.12679761 1252071.8875694051 0.0 0.0 6733968.080421236 6514391.18439898 4.427999973297119
64 20000.0 125000.0 4600000.0 17048834.185390234 16979965.760295 1252487.7497516617 1245383.879215778 0.0 0.0 6733968.080421236 6514391.18439898 4.3399999141693115
65 40000.0 125000.0 3600000.0 10918099.56935001 10539213.9786245 1321258.8149009892 1319023.281936501 534462.39922654 0.0 12933473.761616165 13028782.368800694 4.375
66 40000.0 125000.0 3850000.0 10914860.523922857 10532461.2643624 1318019.7694743949 1312270.567670917 534462.39922654 0.0 12933473.761616165 13028782.368800694 4.377000093460083
67 40000.0 125000.0 4100000.0 10912033.53489301 10525780.115673 1315192.7804456016 1305589.4189837489 534462.39922654 0.0 12933473.761616165 13028782.368800694 4.453000068664551
68 40000.0 125000.0 4350000.0 10909573.33966669 10519158.1758686 1312732.585218712 1298967.4791791057 534462.39922654 0.0 12933473.761616165 13028782.368800694 4.355999946594238
69 40000.0 125000.0 4600000.0 10908525.127930516 10514365.99321164 1311684.3734838795 1294175.2965216045 534462.39922654 0.0 12933473.761616165 13028782.368800694 4.39900016784668
70 60000.0 125000.0 3600000.0 9043713.278936306 7409287.4407348 1301942.7488494941 1338722.5575033063 5413360.255281735 3364765.370948408 14788543.985982932 16178408.182250991 4.507999897003174
71 60000.0 125000.0 3850000.0 9041275.039937453 7406434.15779268 1299504.509852805 1335860.241765273 5413360.255281735 3364774.4037457155 14788543.985982932 16178399.149453754 4.734999895095825
72 60000.0 125000.0 4100000.0 9039804.63735186 7403668.6630958 1298034.1072674468 1333092.664992025 5413360.255281735 3364776.485815802 14788543.985982932 16178397.067382587 4.506999969482422
73 60000.0 125000.0 4350000.0 9039086.14362512 7400975.7726585595 1297315.613539399 1330412.3896050248 5413360.255281735 3364763.870770682 14788543.985982932 16178409.682430107 4.437000036239624
74 60000.0 125000.0 4600000.0 9038468.400781337 7400240.2880494995 1296697.870696064 1329663.9328417531 5413360.255281735 3364776.8429180784 14788543.985982932 16178396.71027971 4.390999794006348
75 80000.0 125000.0 3600000.0 7743291.793046667 5865618.495255999 1292432.131283506 1336700.2460319025 10856417.46738251 8337509.92134723 16079454.85430114 17720054.816252243 4.617999792098999
76 80000.0 125000.0 3850000.0 7742030.960863632 5865439.9911112 1291171.29833199 1336516.7013297663 10856417.468150977 8337514.961905248 16079454.853532664 17720049.775692962 4.63700008392334
77 80000.0 125000.0 4100000.0 7741405.680823271 5865283.232278381 1290546.018292737 1336370.7614473063 10856417.468150977 8337504.14295333 16079454.853532664 17720060.594644044 4.572999954223633
78 80000.0 125000.0 4350000.0 7740872.769040685 5865144.5291749 1290013.1065098008 1336217.9801414474 10856417.468150977 8337518.221163568 16079454.853532664 17720046.51643609 4.414999961853027
79 80000.0 125000.0 4600000.0 7740420.480863705 5865020.915226099 1289560.8183322155 1336099.8654116392 10856417.468150977 8337512.721941113 16079454.853532664 17720052.015655663 4.478999853134155
