 A VSTC VWat E_backup_full E_backup_repr E_loss_stor_full E_loss_stor_repr E_curt_full E_curt_repr E_sol_full E_sol_repr t_repr t_comp E_net_loss_full E_net_loss_repr
0 50000.0 100000.0 75000.0 28825602.95714853 25432467.436271288 37324.74235881928 39609.73835100731 0.0 1.1224765330548e-09 2805820.033508866 3110.9407006470733 7.83158855554143 4.791917242576574 739547.8867368678 524542.0510973685
1 50000.0 150000.0 75000.0 28828967.62762397 25446594.37904784 40689.412834257295 42861.28464241023 0.0 5.3472996473269e-10 2805820.033508866 3110.9407006470733 7.9785105516298245 4.763776159359168 739547.8867368678 535442.8137273586
2 50000.0 200000.0 75000.0 28831969.380922906 25403684.713299252 43691.16613319459 45616.21412432268 0.0 6.302725523704e-10 2805820.033508866 3110.9407006470733 7.810720874573462 4.780097827169129 739547.8867368678 489752.85236507317
3 100000.0 100000.0 75000.0 26021641.627184235 22292906.708880283 39183.44590339306 45798.89761736296 0.0 5.420297384258e-10 5611640.067017732 6221.881401295089 7.598035579682346 4.795262022994166 739547.8867368678 489694.893057645
4 100000.0 150000.0 75000.0 26025004.91011868 22302772.467471845 42546.728837829265 48801.458583623185 0.0 3.6181882023788e-10 5611640.067017732 6221.881401295089 7.641067718675231 4.9339529856322315 739547.8867368678 496663.4897136289
5 100000.0 200000.0 75000.0 26028005.497462325 22301530.238245282 45547.31618148723 51296.34589916139 0.0 9.4342976808506e-10 5611640.067017732 6221.881401295089 7.758452663443904 4.9665080703950935 739547.8867368678 492775.33610074164
6 150000.0 100000.0 75000.0 23097414.65809833 20285062.189591173 44744.92224084755 48844.07079572896 0.0 1108234.3406339001 8417460.100526597 8224.587761310437 7.499725583595364 4.930153093356694 615500.9874733592 478903.1158573956
7 150000.0 150000.0 75000.0 23100698.65306565 19980914.79861562 47859.19491275809 54966.358195440895 0.0 773836.4672804805 8417460.100526597 8558.985634662391 7.783033079849247 4.883996071743013 615628.3417027745 505438.3753782041
8 150000.0 200000.0 75000.0 23103528.8964061 19604662.546082918 50833.05156534677 58384.111321084114 0.0 76987.8158421402 8417460.100526597 9255.834286100893 8.76639706394485 6.091977450082595 615511.6712547581 505943.56196106365
9 50000.0 100000.0 100000.0 28827495.943823945 25396879.22809059 39217.72903423499 41520.01063977854 0.0 5.483161658057599e-10 2805820.033508866 3110.9407006470733 7.754019334231089 4.756833515487415 739547.8867368678 487070.19644600456
10 50000.0 150000.0 100000.0 28830860.61429938 25428439.220731817 42582.3995096729 44718.76481201972 0.0 5.4645352065546e-10 2805820.033508866 3110.9407006470733 7.5199248190219805 4.842214396340296 739547.8867368678 515432.4952568074
11 50000.0 200000.0 100000.0 28833862.36759832 25404048.080379393 45584.15280861039 47569.642990280416 0.0 1.24494545161699e-09 2805820.033508866 3110.9407006470733 7.862477449535618 4.781826741687155 739547.8867368678 488190.49962219945
12 100000.0 100000.0 100000.0 26023533.987276245 22297201.562867574 41075.805995402516 47525.06036837304 0.0 1.30152329802474e-09 5611640.067017732 6221.881401295089 7.742730153312095 4.91543853929511 739547.8867368678 492357.9395124909
13 100000.0 150000.0 100000.0 26026897.27023508 22287405.629159972 44439.08895423183 50859.64164482141 0.0 5.6298449635466e-10 5611640.067017732 6221.881401295089 7.9499661401152935 4.891460927297658 739547.8867368678 479175.76959769364
14 100000.0 200000.0 100000.0 26029897.85759409 22285027.91573636 47439.67631324683 53000.39483560726 0.0 6.3888728618593e-10 5611640.067017732 6221.881401295089 7.668286543968861 4.9596245035434094 739547.8867368678 474557.0460528076
15 150000.0 100000.0 100000.0 23099871.430605866 20088330.13342825 46533.73505011009 53443.45942390849 0.0 842552.4979309806 8417460.100526597 8490.269604011533 7.530514192524606 4.842547707428594 616152.1450446753 477401.9731393574
16 150000.0 150000.0 100000.0 23101623.614759546 19727707.744930428 49531.28385750583 57033.577877151256 0.0 263510.8309027446 8417460.100526597 9069.311271040357 7.641333565265313 4.789979005777468 614922.7164864183 496827.3271871896
17 150000.0 200000.0 100000.0 23105135.974643584 19340212.1032484 52659.408882626136 60704.828116038065 0.0 137097.14580639146 8417460.100526597 9195.724956137554 7.5332197012380675 4.784345902516407 615281.6329673041 493540.201698591
18 50000.0 100000.0 125000.0 28829235.037581693 25409129.633080993 40956.82279198647 43121.46567894373 0.0 8.782371878633799e-10 2805820.033508866 3110.9407006470733 7.44045273419033 4.7478829822809985 739547.8867368678 497704.6086169921
19 50000.0 150000.0 125000.0 28832599.70805713 25409597.956035208 44321.49326742434 46448.56824484571 0.0 3.5964132070532005e-10 2805820.033508866 3110.9407006470733 7.657043676515968 4.85430184637562 739547.8867368678 494865.8093055302
20 50000.0 200000.0 125000.0 28835601.46135607 25405440.62446073 47323.246566361886 49255.50926147176 0.0 5.3029446482658e-10 2805820.033508866 3110.9407006470733 7.991626744093992 4.923152466483771 739547.8867368678 486062.8002427713
21 100000.0 100000.0 125000.0 26025272.3499814 22316879.188541245 42814.16870055343 49084.72019459525 0.0 7.636845111848e-10 5611640.067017732 6221.881401295089 8.003874285560187 5.042711591458328 739547.8867368678 510395.33458499645
22 100000.0 150000.0 125000.0 26028635.78834095 22272725.992968597 46177.607060104114 52417.258785519756 0.0 6.14125214219454e-10 5611640.067017732 6221.881401295089 8.016110157491084 4.939868710439669 739547.8867368678 462772.6039658764
23 100000.0 200000.0 125000.0 26031636.37571407 22284968.24734548 49178.19443322295 54685.54912069118 0.0 8.54954123497e-10 5611640.067017732 6221.881401295089 7.770244728378884 4.839222254678134 739547.8867368678 472716.9162800514
24 150000.0 100000.0 125000.0 23100716.67419656 19949699.753490765 48151.600748848534 55549.78996457039 0.0 477742.94669928035 8417460.100526597 8855.079155243748 7.532101613933037 4.7893054548146665 615384.7420472436 473102.8474747643
25 150000.0 150000.0 125000.0 23102854.23020733 19582740.593587298 51318.71993939559 60495.728360410976 0.0 268135.83515312005 8417460.100526597 9064.686266788947 7.607810273785617 4.814310350549249 614370.3886777392 489674.29803699645
26 150000.0 200000.0 125000.0 23108117.2426184 19226706.818632934 54297.44949878784 63078.622940265195 0.0 -1.2077032089234e-10 8417460.100526597 9332.822101943035 7.862773928654633 4.9843230739888895 616630.4993779471 517116.5901956622
