 A VSTC VWat E_backup_full E_backup_repr E_loss_stor_full E_loss_stor_repr E_curt_full E_curt_repr E_sol_full E_sol_repr t_repr t_comp E_net_loss_full E_net_loss_repr E_net_pump_full E_net_pump_repr
0 50000.0 100000.0 75000.0 169213904.83274093 148149431.4335896 152864.05436280055 166636.51725445394 0.0 0.0 16834920.20105317 15839.956097063625 10.523173000000043 6.024296000000049 768658.8100675377 747862.1366135427 695507.4414064536 677650.6935477543
1 50000.0 150000.0 75000.0 169233754.27849263 148168239.7673271 172695.03000973107 185425.18054158086 0.0 0.0 16834920.20105317 15839.956097063625 12.337248999999701 7.062157999999727 768677.28017163 747882.3077596445 695501.9939863778 677644.839212541
2 50000.0 200000.0 75000.0 169251557.59115106 148185386.53079942 190480.59677010513 202553.55526813027 0.0 0.0 16834920.20105317 15839.956097063625 11.518141999999898 6.098042000000078 768695.0258427076 747900.6965074763 695496.023674075 677639.501287665
3 100000.0 100000.0 75000.0 152383649.43786713 132748756.26302585 174005.51078715135 178519.8804558818 0.0 441228.33847679995 33669840.402105 31238.68385563267 11.948563999999806 6.434878000000026 752182.1375657095 731388.8637678493 702004.7970781082 682483.2874363089
4 100000.0 150000.0 75000.0 152401913.54166272 132321823.84489913 193783.17272072824 195959.85554435872 0.0 0.0 33669840.402105 31679.91219411087 11.525961999999708 6.204266999999618 750668.598750333 730907.8477451602 700739.3020240968 682597.3256982112
5 100000.0 200000.0 75000.0 152417460.30479205 132337177.01790199 209326.1522659704 211313.16105101848 0.0 0.0 33669840.402105 31679.91219411087 11.577443000000585 6.1264100000003054 750672.385031492 730907.4461350024 700730.185847 682578.6281390885
6 150000.0 100000.0 75000.0 141324275.84851158 121167320.32062732 179050.78261467876 178979.70927160676 5770824.86250401 4711668.91926724 44733935.74065471 42808.1993719051 11.727687999999944 6.374658000000181 751367.7371845429 718978.686803934 714554.0722184563 686090.4822951275
7 150000.0 150000.0 75000.0 139018501.9494487 118860742.14512247 205479.86859019386 202793.38479729605 3441092.2836152 2383756.0133452797 47063668.31954331 45136.11227783166 11.757044999999835 6.388491999999587 748897.1344288003 716505.0676260152 715272.0160589599 686809.476815108
8 150000.0 200000.0 75000.0 136711003.32918492 116552615.60936876 230266.5136122775 223981.12611879368 1111278.65288732 56437.731919239995 49393481.95027162 47463.43055925619 11.505637000000206 6.215153999999984 746425.0370162716 714029.4739088184 715990.1982018223 687528.7958923808
9 50000.0 100000.0 100000.0 169227473.64927602 148162788.02854744 166374.78951961154 180071.45440838844 0.0 0.0 16834920.20105317 15839.956097063625 11.597893000000113 6.3197549999999865 768716.8914427268 747913.3610844417 683735.7945916558 665894.7415536691
10 50000.0 150000.0 100000.0 169247334.7131076 148181597.7192144 186220.66313749325 198860.88831964965 0.0 0.0 16834920.20105317 15839.956097063625 11.267397000000074 6.068185000000085 768732.0816575396 747933.52996684 683730.4974752122 665888.8809345171
11 50000.0 200000.0 100000.0 169265141.14201143 148198745.10606825 204009.91054601237 215989.80090082454 0.0 0.0 16834920.20105317 15839.956097063625 11.369040000000041 6.131132999999863 768749.263151618 747951.9163971335 683724.7413428414 665883.538174184
12 100000.0 100000.0 100000.0 152398159.44854504 132317392.55084091 189960.73354043823 191400.2695219649 0.0 0.0 33669840.402105 31679.91219411087 11.169901999999638 6.019618999999693 750736.9477443416 730966.6275557302 688991.5269006711 670864.2762969751
13 100000.0 150000.0 100000.0 152415146.17959496 132334799.89359167 206961.11180613167 209008.31126501568 0.0 0.0 33669840.402105 31679.91219411087 11.521357999999964 6.053269999999884 750723.3005299193 730957.5927993379 688968.9282097439 670840.1361818896
14 100000.0 200000.0 100000.0 152430858.918703 132350551.63984016 222669.32730804558 224758.62369344398 0.0 0.0 33669840.402105 31679.91219411087 11.282930000000306 6.1161879999999655 750727.824137035 730958.7551420769 688960.2606035563 670822.7559012375
15 150000.0 100000.0 100000.0 140171315.4396696 120014161.69705233 196188.0953829299 194684.592703219 4601914.009373 3544060.3770152 45902846.59378622 43975.80791415658 11.792659999999614 6.396003999999721 750184.6826224959 717791.0453899802 703160.3610362043 674704.6028555122
16 150000.0 150000.0 100000.0 137865573.12605992 117707584.05073111 223004.7619518808 218520.74180097436 2271826.7871763995 1216134.5309316001 48232933.81598273 46303.733760245486 11.496172999999999 6.225423999999748 747712.8678215836 715317.3947213315 703877.1105525182 675423.6055640929
17 150000.0 200000.0 100000.0 135613477.30920208 116505004.35159719 247794.7378618224 235521.50477161587 0.0 0.0 50504760.60315876 47519.86829117542 11.491051000000425 6.21025200000031 742934.0631254115 714013.8395412001 702628.3408225026 675786.1227387311
18 50000.0 100000.0 125000.0 169240209.08139518 148174378.6297139 179046.58249722188 191670.3671136744 0.0 0.0 16834920.20105317 15839.956097063625 11.718403999999737 6.195036999999957 768780.5305831473 748001.6359735492 671969.199975637 654163.3096326189
19 50000.0 150000.0 125000.0 169260261.84411404 148193956.2668058 199095.33748998086 211279.67774706948 0.0 0.0 16834920.20105317 15839.956097063625 11.709180999999717 6.366672999999992 768784.5383103908 747980.8588295436 671956.4950262413 654124.8140533718
20 50000.0 200000.0 125000.0 169278073.74223864 148211105.09471262 216890.53331794575 228410.11747197623 0.0 0.0 16834920.20105317 15839.956097063625 11.719476000000213 6.368539000000055 768801.2406085123 747999.2470061481 671951.5764427232 654119.4704218588
21 100000.0 100000.0 125000.0 152409143.00354117 132328408.07964683 200853.2921180229 202506.79518164194 0.0 0.0 33669840.402105 31679.91219411087 11.921686000000136 6.38393700000006 750827.9441654069 731019.7200793832 677268.1686460921 659105.6423880048
22 100000.0 150000.0 125000.0 152427706.37064567 132346864.86554886 219468.82700845128 221086.63704799602 0.0 0.0 33669840.402105 31679.91219411087 11.728880000000117 6.385110000000168 750775.7752427454 731004.4082052752 677195.6308058646 659074.87704678
23 100000.0 200000.0 125000.0 152443551.1189074 132362900.46976328 235309.47635277038 237123.0563784329 0.0 0.0 33669840.402105 31679.91219411087 11.77145800000062 6.383309000000281 750779.8687455995 731006.6309163481 677188.8812896176 659058.4673436483
24 150000.0 100000.0 125000.0 139017262.02446842 118859952.27030182 211961.8395129859 209131.91550665526 3433265.3380853394 2377050.96441708 47071495.26507258 45142.81732675996 11.677615999999944 6.392715999999837 749005.4497230774 716600.8931498386 691774.835743824 663312.0433377753
25 150000.0 150000.0 125000.0 136711814.79493332 116553412.40572214 239690.55800003212 232997.1219325785 1102569.6447829 48957.97309676 49402190.95837599 47470.910318080634 11.713552000000163 6.384667000000263 746525.0807858581 714125.4793741074 692477.800138564 664028.9246923422
26 150000.0 200000.0 125000.0 135622445.10099587 116516616.6405696 260046.2323365538 247397.94093074332 0.0 0.0 50504760.60315876 47519.86829117542 11.69362799999999 6.17971899999975 739856.9077068572 714056.4037714273 688278.3088644521 664021.1866040893
