 A V P E_repr E_full
0 20000.0 50000.0 3600000.0  
1 20000.0 50000.0 3850000.0  
2 20000.0 50000.0 4100000.0  
3 20000.0 50000.0 4350000.0  
4 20000.0 50000.0 4600000.0 21738642.220137417 21854538.057617407
5 40000.0 50000.0 3600000.0  
6 40000.0 50000.0 3850000.0  
7 40000.0 50000.0 4100000.0  
8 40000.0 50000.0 4350000.0  19302437.06376168
9 40000.0 50000.0 4600000.0 19223425.483606305 19292852.736871768
10 60000.0 50000.0 3600000.0  
11 60000.0 50000.0 3850000.0  
12 60000.0 50000.0 4100000.0  
13 60000.0 50000.0 4350000.0  17811136.186691366
14 60000.0 50000.0 4600000.0 17526573.379604124 17802734.210706
15 80000.0 50000.0 3600000.0  
16 80000.0 50000.0 3850000.0  
17 80000.0 50000.0 4100000.0  
18 80000.0 50000.0 4350000.0  16920610.382523663
19 80000.0 50000.0 4600000.0 17001760.59066675 16912627.51586621
20 20000.0 75000.0 3600000.0  
21 20000.0 75000.0 3850000.0  
22 20000.0 75000.0 4100000.0 21959501.041769434 22088758.59971543
23 20000.0 75000.0 4350000.0 21954452.37298928 22076513.403140847
24 20000.0 75000.0 4600000.0 21949568.035787407 22065915.77019295
25 40000.0 75000.0 3600000.0  
26 40000.0 75000.0 3850000.0 19447285.17886957 19531371.59926638
27 40000.0 75000.0 4100000.0 19442313.18735086 19518951.31136528
28 40000.0 75000.0 4350000.0 19437571.8496519 19509275.863559186
29 40000.0 75000.0 4600000.0 19432939.050670803 19500730.7410772
30 60000.0 75000.0 3600000.0  
31 60000.0 75000.0 3850000.0 16930871.952082384 16966249.892479107
32 60000.0 75000.0 4100000.0 16926267.553978644 16957962.426905293
33 60000.0 75000.0 4350000.0 16923504.55372612 16950758.23037074
34 60000.0 75000.0 4600000.0 16920927.15130645 16944390.194861066
35 80000.0 75000.0 3600000.0  
36 80000.0 75000.0 3850000.0 15898489.067012545 15859253.481663207
37 80000.0 75000.0 4100000.0 15895623.772014221 15851705.451814318
38 80000.0 75000.0 4350000.0 15893036.696763504 15845125.83616458
39 80000.0 75000.0 4600000.0 15890616.58341459 15839309.789978268
40 20000.0 100000.0 3600000.0 22167215.488625716 22311826.77547999
41 20000.0 100000.0 3850000.0 22152704.247779526 22293054.39661361
42 20000.0 100000.0 4100000.0 22147811.535698544 22276630.065591466
43 20000.0 100000.0 4350000.0 22143193.38870942 22265283.95916933
44 20000.0 100000.0 4600000.0 22138744.430580087 22255530.447990745
45 40000.0 100000.0 3600000.0 19643703.24240354 19731678.402889587
46 40000.0 100000.0 3850000.0 19634299.91869654 19716679.070479285
47 40000.0 100000.0 4100000.0 19629766.16754287 19704926.256927256
48 40000.0 100000.0 4350000.0 19625436.481875222 19695960.87802665
49 40000.0 100000.0 4600000.0 19621217.704721104 19688051.42990029
50 60000.0 100000.0 3600000.0 17125545.54390303 17160635.38852426
51 60000.0 100000.0 3850000.0 17116949.13816578 17149153.601652633
52 60000.0 100000.0 4100000.0 17112628.617288176 17141456.835958913
53 60000.0 100000.0 4350000.0 17109897.55262202 17134761.45094862
54 60000.0 100000.0 4600000.0 17107527.391451743 17128851.52582024
55 80000.0 100000.0 3600000.0 14779899.897869144 14775611.335811595
56 80000.0 100000.0 3850000.0 14774680.16710384 14768072.244537732
57 80000.0 100000.0 4100000.0 14773609.97733289 14762443.383749845
58 80000.0 100000.0 4350000.0 14773399.190512056 14757537.561658433
59 80000.0 100000.0 4600000.0 14773224.83049202 14753211.619525725
60 20000.0 125000.0 3600000.0 22341412.683344334 22483473.690267336
61 20000.0 125000.0 3850000.0 22326117.596237343 22465827.15933031
62 20000.0 125000.0 4100000.0 22321558.78553575 22450376.191983704
63 20000.0 125000.0 4350000.0 22317244.68605453 22439437.189471044
64 20000.0 125000.0 4600000.0 22313104.896183036 22430277.183366746
65 40000.0 125000.0 3600000.0 19816762.704964932 19902517.763027184
66 40000.0 125000.0 3850000.0 19807086.01573731 19888372.675305746
67 40000.0 125000.0 4100000.0 19802862.47293334 19877055.54063746
68 40000.0 125000.0 4350000.0 19798823.236908365 19868578.389338206
69 40000.0 125000.0 4600000.0 19794898.036862675 19861108.601577826
70 60000.0 125000.0 3600000.0 17297986.721697006 17330141.017795995
71 60000.0 125000.0 3850000.0 17289079.390948206 17319227.80262841
72 60000.0 125000.0 4100000.0 17285055.65487127 17311797.601713426
73 60000.0 125000.0 4350000.0 17282228.676370673 17305450.94138355
74 60000.0 125000.0 4600000.0 17280003.56685986 17299856.474107206
75 80000.0 125000.0 3600000.0 14788889.700673806 14764806.106511075
76 80000.0 125000.0 3850000.0 14783282.79824675 14757684.85206728
77 80000.0 125000.0 4100000.0 14782460.638548275 14752508.58377735
78 80000.0 125000.0 4350000.0 14782264.754463112 14747993.050532933
79 80000.0 125000.0 4600000.0 14782103.78936265 14744017.39688544
