 A V P E_backup_full E_backup_repr E_loss_stor_full E_loss_stor_repr E_curt_full E_curt_repr E_sol_full E_sol_repr t_repr
0 20000.0 50000.0 3600000.0         7.37227201461792
1 20000.0 50000.0 3850000.0         4.048269987106323
2 20000.0 50000.0 4100000.0         6.600109100341797
3 20000.0 50000.0 4350000.0  21923004.90448147  691488.9620675333  0.0  2410191.201629879 4.483450174331665
4 20000.0 50000.0 4600000.0 21854538.057617407 21912698.375720438 686104.0970168937 681724.584955661 0.0 0.0 2454607.4583434653 2410191.201629879 4.42549204826355
5 40000.0 50000.0 3600000.0         6.498301982879639
6 40000.0 50000.0 3850000.0         4.097375154495239
7 40000.0 50000.0 4100000.0         4.039489984512329
8 40000.0 50000.0 4350000.0 19302437.06376168 19400854.136117324 716215.6111994324 712201.4357361657 0.0 0.0 4909214.9166870015 4820382.40326146 7.031759023666382
9 40000.0 50000.0 4600000.0 19292852.736871768 19390215.847155057 707110.500652589 702122.7499174223 0.0 0.0 4909214.9166870015 4820382.40326146 4.493194103240967
10 60000.0 50000.0 3600000.0         4.027562141418457
11 60000.0 50000.0 3850000.0         4.029272079467773
12 60000.0 50000.0 4100000.0         6.737396955490112
13 60000.0 50000.0 4350000.0 17811136.186691366 17060101.036213286 718607.9570548973 733188.834582676 1035479.2792680231 171580.72895955003 6328343.095762517 7058992.875933571 4.509274005889893
14 60000.0 50000.0 4600000.0 17802734.210706 17049614.54183071 710625.8084183936 723228.5450674879 1035479.550717813 171606.1424253 6328342.82431272 7058967.46246707 4.376792907714844
15 80000.0 50000.0 3600000.0         6.5136120319366455
16 80000.0 50000.0 3850000.0         4.098736047744751
17 80000.0 50000.0 4100000.0         4.016442775726318
18 80000.0 50000.0 4350000.0 16920610.382523663 16869972.944399815 714297.5444210961 733422.887003391 2648397.636290072 2401411.0448802593 7170032.197084365 7239353.761634999 7.113318920135498
19 80000.0 50000.0 4600000.0 16912627.51586621 16423869.440128459 706713.5676110379 725065.9991005864 2648397.8897744752 1987130.6950362 7170031.943599923 7653634.111476739 4.376418828964233
20 20000.0 75000.0 3600000.0         4.025768995285034
21 20000.0 75000.0 3850000.0  22176943.3759881  932069.5742448732  0.0  2410191.201629879 4.467127084732056
22 20000.0 75000.0 4100000.0 22088758.59971543 22151701.29882717 908613.6120130093 908155.2994983811 0.0 0.0 2454607.4583434653 2410191.201629879 4.377381086349487
23 20000.0 75000.0 4350000.0 22076513.403140847 22132253.336273104 896980.6752662795 889730.3530581889 0.0 0.0 2454607.4583434653 2410191.201629879 4.476395845413208
24 20000.0 75000.0 4600000.0 22065915.77019295 22123240.479115784 886912.9239635947 881191.5968781731 0.0 0.0 2454607.4583434653 2410191.201629879 4.4182069301605225
25 40000.0 75000.0 3600000.0         3.9485340118408203
26 40000.0 75000.0 3850000.0 19531371.59926638 19635036.269148637 933703.419930575 934064.9469658663 0.0 0.0 4909214.9166870015 4820382.40326146 4.516219854354858
27 40000.0 75000.0 4100000.0 19518951.31136528 19616656.873280197 921904.1464247431 916652.3576753272 0.0 0.0 4909214.9166870015 4820382.40326146 4.401973009109497
28 40000.0 75000.0 4350000.0 19509275.863559186 19607212.22069204 912712.4710092264 907704.5196923977 0.0 0.0 4909214.9166870015 4820382.40326146 7.018371105194092
29 40000.0 75000.0 4600000.0 19500730.7410772 19597910.60069768 904594.6046506256 898892.1903915459 0.0 0.0 4909214.9166870015 4820382.40326146 4.460381031036377
30 60000.0 75000.0 3600000.0         4.373981952667236
31 60000.0 75000.0 3850000.0 16966249.892479107 17127292.37306694 951445.2568258119 968426.4519847017 0.0 0.0 7363822.37503029 7230573.60489312 7.133652925491333
32 60000.0 75000.0 4100000.0 16957962.426905293 17094474.481668994 943572.1645296622 937334.8715824567 0.0 0.0 7363822.37503029 7230573.60489312 4.439472913742065
33 60000.0 75000.0 4350000.0 16950758.23037074 17085205.161238708 936728.1778227141 928553.1428029669 0.0 0.0 7363822.37503029 7230573.60489312 4.458521127700806
34 60000.0 75000.0 4600000.0 16944390.194861066 17076059.651554197 930678.54408677 919888.7119852145 0.0 0.0 7363822.37503029 7230573.60489312 7.092647075653076
35 80000.0 75000.0 3600000.0         4.3902809619903564
36 80000.0 75000.0 3850000.0 15859253.481663207 16763839.242496416 945875.6251627707 958763.0308002862 1408530.499734648 2075520.1226722798 8409899.33363975 7565244.683842902 4.469088077545166
37 80000.0 75000.0 4100000.0 15851705.451814318 15333979.043527128 938704.9398226759 954238.5837129944 1408530.5567173 725398.93468362 8409899.27665724 8915365.87183137 7.351595878601074
38 80000.0 75000.0 4350000.0 15845125.83616458 15324861.337293802 932454.3619387472 945596.4692233972 1408530.499734648 725402.9592672001 8409899.33363975 8915361.847247072 4.388123989105225
39 80000.0 75000.0 4600000.0 15839309.789978268 15315850.880402425 926929.0159096755 937061.1778644046 1408530.60188408 725401.7684540999 8409899.23149037 8915363.038059343 4.461634159088135
40 20000.0 100000.0 3600000.0 22311826.77547999 22386231.695466615 1120528.3789886814 1130348.7547337287 0.0 0.0 2454607.4583434653 2410191.201629879 4.429404020309448
41 20000.0 100000.0 3850000.0 22293054.39661361 22362741.71771245 1102694.6190643234 1108094.414161663 0.0 0.0 2454607.4583434653 2410191.201629879 4.392914056777954
42 20000.0 100000.0 4100000.0 22276630.065591466 22339752.55417102 1087091.5045940843 1086314.5436026263 0.0 0.0 2454607.4583434653 2410191.201629879 4.48849081993103
43 20000.0 100000.0 4350000.0 22265283.95916933 22320310.62458385 1076312.703494332 1067895.312783045 0.0 0.0 2454607.4583434653 2410191.201629879 4.496443033218384
44 20000.0 100000.0 4600000.0 22255530.447990745 22312115.997926146 1067046.8678735238 1060131.7459395237 0.0 0.0 2454607.4583434653 2410191.201629879 7.106024980545044
45 40000.0 100000.0 3600000.0 19731678.402889587 19843397.934446346 1123994.883370072 1131466.2178165216 0.0 0.0 4909214.9166870015 4820382.40326146 4.510136842727661
46 40000.0 100000.0 3850000.0 19716679.070479285 19820485.583364677 1109745.5175806645 1109759.1191753407 0.0 0.0 4909214.9166870015 4820382.40326146 4.411263942718506
47 40000.0 100000.0 4100000.0 19704926.256927256 19802021.094943903 1098580.3447064648 1092265.9134300414 0.0 0.0 4909214.9166870015 4820382.40326146 7.176704168319702
48 40000.0 100000.0 4350000.0 19695960.87802665 19793428.212706517 1090063.2347509286 1084125.0403463875 0.0 0.0 4909214.9166870015 4820382.40326146 4.5008299350738525
49 40000.0 100000.0 4600000.0 19688051.42990029 19784967.19177486 1082549.2590314627 1076109.0922946245 0.0 0.0 4909214.9166870015 4820382.40326146 4.477780103683472
50 60000.0 100000.0 3600000.0 17160635.38852426 17303628.520073276 1136111.4780650006 1135486.834551767 0.0 0.0 7363822.37503029 7230573.60489312 7.143229961395264
51 60000.0 100000.0 3850000.0 17149153.601652633 17286388.02597379 1125203.78053817 1119153.2376740621 0.0 0.0 7363822.37503029 7230573.60489312 4.4599220752716064
52 60000.0 100000.0 4100000.0 17141456.835958913 17277819.67222213 1117891.853128507 1111035.6028031453 0.0 0.0 7363822.37503029 7230573.60489312 4.447693109512329
53 60000.0 100000.0 4350000.0 17134761.45094862 17269387.720041875 1111531.2373688135 1103047.1944104806 0.0 0.0 7363822.37503029 7230573.60489312 7.334274053573608
54 60000.0 100000.0 4600000.0 17128851.52582024 17261069.946480695 1105916.8084981444 1095166.9585287147 0.0 0.0 7363822.37503029 7230573.60489312 4.404448986053467
55 80000.0 100000.0 3600000.0 14775611.335811595 14785674.146758407 1151488.567898515 1160174.9614038032 173457.51843737 0.0 9644972.31493722 9640764.80651397 4.505906105041504
56 80000.0 100000.0 3850000.0 14768072.244537732 14777223.01980521 1144326.324010257 1152168.3868799643 173457.62561835998 0.0 9644972.207756333 9640764.80651397 4.437262058258057
57 80000.0 100000.0 4100000.0 14762443.383749845 14768902.317022935 1138978.9062596115 1144285.3758615975 173457.62561835998 0.0 9644972.207756333 9640764.80651397 7.183586120605469
58 80000.0 100000.0 4350000.0 14757537.561658433 14760689.519803138 1134318.3086562671 1136504.5942784948 173457.69223545 0.0 9644972.14113927 9640764.80651397 4.4433019161224365
59 80000.0 100000.0 4600000.0 14753211.619525725 14752567.020380264 1130208.8374290278 1128809.3605756292 173457.51843737 0.0 9644972.31493722 9640764.80651397 4.452329874038696
60 20000.0 125000.0 3600000.0 22483473.690267336 22556564.500848137 1283592.9480340905 1291721.5878894515 0.0 0.0 2454607.4583434653 2410191.201629879 7.207303047180176
61 20000.0 125000.0 3850000.0 22465827.15933031 22534759.42541234 1266828.7436441574 1271063.5191513794 0.0 0.0 2454607.4583434653 2410191.201629879 4.571832895278931
62 20000.0 125000.0 4100000.0 22450376.191983704 22513368.183974862 1252150.3246668265 1250797.5156215557 0.0 0.0 2454607.4583434653 2410191.201629879 4.470509052276611
63 20000.0 125000.0 4350000.0 22439437.189471044 22493793.922073476 1241758.2722792341 1232252.9135230288 0.0 0.0 2454607.4583434653 2410191.201629879 7.420180082321167
64 20000.0 125000.0 4600000.0 22430277.183366746 22486218.752021138 1233056.266478271 1225076.218171946 0.0 0.0 2454607.4583434653 2410191.201629879 4.400536060333252
65 40000.0 125000.0 3600000.0 19902517.763027184 20013508.08247805 1286292.275500686 1292628.1060134792 0.0 0.0 4909214.9166870015 4820382.40326146 4.471825122833252
66 40000.0 125000.0 3850000.0 19888372.675305746 19992238.518356312 1272854.4421663538 1272477.3792305682 0.0 0.0 4909214.9166870015 4820382.40326146 4.51429295539856
67 40000.0 125000.0 4100000.0 19877055.54063746 19973579.200117357 1262103.1642328172 1254799.592249979 0.0 0.0 4909214.9166870015 4820382.40326146 7.249437093734741
68 40000.0 125000.0 4350000.0 19868578.389338206 19965590.57491786 1254049.8704980349 1247231.1906267195 0.0 0.0 4909214.9166870015 4820382.40326146 4.684063911437988
69 40000.0 125000.0 4600000.0 19861108.601577826 19957725.921820734 1246953.5721247566 1239780.239829472 0.0 0.0 4909214.9166870015 4820382.40326146 4.456323862075806
70 60000.0 125000.0 3600000.0 17330141.017795995 17473404.036164463 1297141.8258733111 1296331.6933595124 0.0 0.0 7363822.37503029 7230573.60489312 7.582489967346191
71 60000.0 125000.0 3850000.0 17319227.80262841 17455902.969113167 1286774.2714668615 1279751.230375157 0.0 0.0 7363822.37503029 7230573.60489312 4.467004060745239
72 60000.0 125000.0 4100000.0 17311797.601713426 17447936.648680527 1279715.5805979695 1272203.960223693 0.0 0.0 7363822.37503029 7230573.60489312 4.470447063446045
73 60000.0 125000.0 4350000.0 17305450.94138355 17440098.813817807 1273686.2532841356 1264778.4169487548 0.0 0.0 7363822.37503029 7230573.60489312 7.650857925415039
74 60000.0 125000.0 4600000.0 17299856.474107206 17432368.433673006 1268371.509371917 1257454.675978896 0.0 0.0 7363822.37503029 7230573.60489312 4.354002952575684
75 80000.0 125000.0 3600000.0 14764806.106511075 14951226.58955067 1314681.1184999896 1317018.8921386132 0.0 0.0 9818429.833374482 9640764.80651397 4.529388904571533
76 80000.0 125000.0 3850000.0 14757684.85206728 14943363.836762927 1307915.9267819144 1309569.741688365 0.0 0.0 9818429.833374482 9640764.80651397 4.476120948791504
77 80000.0 125000.0 4100000.0 14752508.58377735 14935624.67270126 1302998.471905356 1302237.678858712 0.0 0.0 9818429.833374482 9640764.80651397 7.28865909576416
78 80000.0 125000.0 4350000.0 14747993.050532933 14927987.84081791 1298708.715323413 1295002.5652547625 0.0 0.0 9818429.833374482 9640764.80651397 4.448450088500977
79 80000.0 125000.0 4600000.0 14744017.39688544 14920436.596008265 1294931.844358383 1287848.5366088168 0.0 0.0 9818429.833374482 9640764.80651397 4.482663869857788
