 A V P E_backup_full E_backup_repr E_loss_stor_full E_loss_stor_repr E_curt_full E_curt_repr E_sol_full E_sol_repr t_repr
0 20000.0 50000.0 3600000.0         5.107863903045654
1 20000.0 50000.0 3850000.0         7.169761896133423
2 20000.0 50000.0 4100000.0         12.50780701637268
3 20000.0 50000.0 4350000.0  21994136.537020765  688026.3425187704  0.0  2289570.886154183 7.970690965652466
4 20000.0 50000.0 4600000.0 21854538.057617407 21988781.98318774 686104.0970168937 682953.4528909533 0.0 0.0 2454607.4583434653 2289570.886154183 11.201228141784668
5 40000.0 50000.0 3600000.0         5.113301992416382
6 40000.0 50000.0 3850000.0         13.087774991989136
7 40000.0 50000.0 4100000.0         5.165224075317383
8 40000.0 50000.0 4350000.0 19302437.06376168 19831480.8210861 716215.6111994324 704063.1438873784 0.0 224639.98459675 4909214.9166870015 4354501.787710056 17.503826141357422
9 40000.0 50000.0 4600000.0 19292852.736871768 19830348.18910147 707110.500652589 702990.9733752622 0.0 224639.1026745 4909214.9166870015 4354502.669632195 5.648413181304932
10 60000.0 50000.0 3600000.0         9.218097925186157
11 60000.0 50000.0 3850000.0         7.3039281368255615
12 60000.0 50000.0 4100000.0         12.702059984207153
13 60000.0 50000.0 4350000.0 17811136.186691366 19473329.174777642 718607.9570548973 694909.2525652074 1035479.2792680231 2184052.8735927925 6328343.095762517 4684659.7848687675 7.919442176818848
14 60000.0 50000.0 4600000.0 17802734.210706 19472196.351828486 710625.8084183936 693848.746462932 1035479.550717813 2184040.1463368027 6328342.82431272 4684672.512123842 11.078711986541748
15 80000.0 50000.0 3600000.0         5.087406158447266
16 80000.0 50000.0 3850000.0         13.014449834823608
17 80000.0 50000.0 4100000.0         5.143866062164307
18 80000.0 50000.0 4350000.0 16920610.382523663 19135582.613354053 714297.5444210961 691240.9102701093 2648397.636290072 4157311.9350969 7170032.197084365 5000971.60951927 17.55642294883728
19 80000.0 50000.0 4600000.0 16912627.51586621 19134448.746246938 706713.5676110379 690180.5876838958 2648397.8897744752 4157298.0350984395 7170031.943599923 5000985.509517866 5.637619972229004
20 20000.0 75000.0 3600000.0         9.160605192184448
21 20000.0 75000.0 3850000.0         7.5983641147613525
22 20000.0 75000.0 4100000.0 22088758.59971543 22209111.9428129 908613.6120130093 891693.4529867223 0.0 0.0 2454607.4583434653 2289570.886154183 12.831845045089722
23 20000.0 75000.0 4350000.0 22076513.403140847 22204226.89536382 896980.6752662795 887065.3724153601 0.0 0.0 2454607.4583434653 2289570.886154183 7.777837038040161
24 20000.0 75000.0 4600000.0 22065915.77019295 22199533.231181607 886912.9239635947 882618.6078255887 0.0 0.0 2454607.4583434653 2289570.886154183 9.728415966033936
25 40000.0 75000.0 3600000.0         7.215476989746094
26 40000.0 75000.0 3850000.0 19531371.59926638  933703.419930575  0.0  4909214.9166870015  11.125715970993042
27 40000.0 75000.0 4100000.0 19518951.31136528 19808839.520131905 921904.1464247431 907252.8219858647 0.0 0.0 4909214.9166870015 4579141.772306739 8.017873048782349
28 40000.0 75000.0 4350000.0 19509275.863559186 19806533.742313836 912712.4710092264 905068.3343947838 0.0 0.0 4909214.9166870015 4579141.772306739 10.924385070800781
29 40000.0 75000.0 4600000.0 19500730.7410772 19805551.88156237 904594.6046506256 904138.1222086834 0.0 0.0 4909214.9166870015 4579141.772306739 5.667593002319336
30 60000.0 75000.0 3600000.0         11.05845308303833
31 60000.0 75000.0 3850000.0 16966249.892479107  951445.2568258119  0.0  7363822.37503029  5.33790397644043
32 60000.0 75000.0 4100000.0 16957962.426905293 18407361.467900906 943572.1645296622 915921.2874312728 0.0 953145.9536805749 7363822.37503029 5915566.7047808 17.417665004730225
33 60000.0 75000.0 4350000.0 16950758.23037074 18406352.71820901 936728.1778227141 914966.6462941007 0.0 953144.90812025 7363822.37503029 5915567.750340841 5.57922101020813
34 60000.0 75000.0 4600000.0 16944390.194861066 18405443.708965965 930678.54408677 914106.2390703261 0.0 953144.1224837 7363822.37503029 5915568.535978275 12.256947994232178
35 80000.0 75000.0 3600000.0         5.031063079833984
36 80000.0 75000.0 3850000.0 15859253.481663207  945875.6251627707  1408530.499734648  8409899.33363975  10.830811977386475
37 80000.0 75000.0 4100000.0 15851705.451814318 18069605.190654453 938704.9398226759 907735.5972330874 1408530.5567173 2930913.1583393095 8409899.27665724 6227370.386276646 7.827833890914917
38 80000.0 75000.0 4350000.0 15845125.83616458 18068595.376385935 932454.3619387472 906781.1045461189 1408530.499734648 2930910.95575113 8409899.33363975 6227372.588865285 5.656085014343262
39 80000.0 75000.0 4600000.0 15839309.789978268 18067685.465012394 926929.0159096755 905919.4516012154 1408530.60188408 2930910.5611578696 8409899.23149037 6227372.983458901 8.8056800365448
40 20000.0 100000.0 3600000.0 22311826.77547999 22432087.461505342 1120528.3789886814 1102939.8484995004 0.0 0.0 2454607.4583434653 2289570.886154183 5.5276780128479
41 20000.0 100000.0 3850000.0 22293054.39661361 22411271.98910677 1102694.6190643234 1083219.3269752364 0.0 0.0 2454607.4583434653 2289570.886154183 9.689767837524414
42 20000.0 100000.0 4100000.0 22276630.065591466 22397370.08717127 1087091.5045940843 1070048.703168898 0.0 0.0 2454607.4583434653 2289570.886154183 7.821461915969849
43 20000.0 100000.0 4350000.0 22265283.95916933 22392896.532525163 1076312.703494332 1065810.4697467817 0.0 0.0 2454607.4583434653 2289570.886154183 9.52898097038269
44 20000.0 100000.0 4600000.0 22255530.447990745 22388617.385836534 1067046.8678735238 1061756.417895881 0.0 0.0 2454607.4583434653 2289570.886154183 7.869933128356934
45 40000.0 100000.0 3600000.0 19731678.402889587 20023162.794955004 1123994.883370072 1110302.105357225 0.0 0.0 4909214.9166870015 4579141.772306739 9.730767011642456
46 40000.0 100000.0 3850000.0 19716679.070479285 20008790.08407454 1109745.5175806645 1096685.4384445902 0.0 0.0 4909214.9166870015 4579141.772306739 8.014961004257202
47 40000.0 100000.0 4100000.0 19704926.256927256 19995543.954431016 1098580.3447064648 1084136.091514909 0.0 0.0 4909214.9166870015 4579141.772306739 8.96848177909851
48 40000.0 100000.0 4350000.0 19695960.87802665 19992832.21414085 1090063.2347509286 1081566.9961854012 0.0 0.0 4909214.9166870015 4579141.772306739 5.712383985519409
49 40000.0 100000.0 4600000.0 19688051.42990029 19991931.601814058 1082549.2590314627 1080713.758533826 0.0 0.0 4909214.9166870015 4579141.772306739 11.906458139419556
50 60000.0 100000.0 3600000.0 17160635.38852426 17621381.59196066 1136111.4780650006 1124432.0600085442 0.0 0.0 7363822.37503029 6868712.65846134 5.649646997451782
51 60000.0 100000.0 3850000.0 17149153.601652633 17612618.046674732 1125203.78053817 1116129.5012125592 0.0 0.0 7363822.37503029 6868712.65846134 14.112457990646362
52 60000.0 100000.0 4100000.0 17141456.835958913 17605831.092727076 1117891.853128507 1109699.5596399608 0.0 0.0 7363822.37503029 6868712.65846134 5.649317979812622
53 60000.0 100000.0 4350000.0 17134761.45094862 17604954.047434077 1111531.2373688135 1108868.6493259668 0.0 0.0 7363822.37503029 6868712.65846134 12.101351022720337
54 60000.0 100000.0 4600000.0 17128851.52582024 17604175.84439887 1105916.8084981444 1108131.3818991464 0.0 0.0 7363822.37503029 6868712.65846134 5.533781051635742
55 80000.0 100000.0 3600000.0 14775611.335811595 17000124.446872674 1151488.567898515 1118211.1682756934 173457.51843737 1707214.46071704 9644972.31493722 7451069.083899913 9.60446810722351
56 80000.0 100000.0 3850000.0 14768072.244537732 16992723.72752432 1144326.324010257 1111201.4590217269 173457.62561835998 1707212.7487332502 9644972.207756333 7451070.795883759 7.908137083053589
57 80000.0 100000.0 4100000.0 14762443.383749845 16985980.10926385 1138978.9062596115 1104813.2172790098 173457.62561835998 1707212.1050158 9644972.207756333 7451071.439602324 9.366557836532593
58 80000.0 100000.0 4350000.0 14757537.561658433 16985118.307586376 1134318.3086562671 1103995.2517119567 173457.69223545 1707213.6020272002 9644972.14113927 7451069.942589869 8.098913192749023
59 80000.0 100000.0 4600000.0 14753211.619525725 16984353.719532248 1130208.8374290278 1103271.126363724 173457.51843737 1707213.3587464502 9644972.31493722 7451070.185871565 9.38987112045288
60 20000.0 125000.0 3600000.0 22483473.690267336 22604730.585313525 1283592.9480340905 1266501.4709884028 0.0 0.0 2454607.4583434653 2289570.886154183 5.711172103881836
61 20000.0 125000.0 3850000.0 22465827.15933031 22584745.22512089 1266828.7436441574 1247567.3954973652 0.0 0.0 2454607.4583434653 2289570.886154183 11.695868968963623
62 20000.0 125000.0 4100000.0 22450376.191983704 22571183.586311106 1252150.3246668265 1234719.1360436718 0.0 0.0 2454607.4583434653 2289570.886154183 5.652421951293945
63 20000.0 125000.0 4350000.0 22439437.189471044 22566873.834251467 1241758.2722792341 1230636.0887568374 0.0 0.0 2454607.4583434653 2289570.886154183 14.88132095336914
64 20000.0 125000.0 4600000.0 22430277.183366746 22562887.85312202 1233056.266478271 1226859.7811617665 0.0 0.0 2454607.4583434653 2289570.886154183 5.688304901123047
65 40000.0 125000.0 3600000.0 19902517.763027184 20194558.919769146 1286292.275500686 1272682.3244240445 0.0 0.0 4909214.9166870015 4579141.772306739 8.613816022872925
66 40000.0 125000.0 3850000.0 19888372.675305746 20181171.29118331 1272854.4421663538 1259998.9217818587 0.0 0.0 4909214.9166870015 4579141.772306739 8.001108884811401
67 40000.0 125000.0 4100000.0 19877055.54063746 20168241.89142962 1262103.1642328172 1247749.643878119 0.0 0.0 4909214.9166870015 4579141.772306739 9.496855020523071
68 40000.0 125000.0 4350000.0 19868578.389338206 20165069.06697848 1254049.8704980349 1244743.7186936974 0.0 0.0 4909214.9166870015 4579141.772306739 8.17655611038208
69 40000.0 125000.0 4600000.0 19861108.601577826 20164225.33715303 1246953.5721247566 1243944.371376272 0.0 0.0 4909214.9166870015 4579141.772306739 9.23340892791748
70 60000.0 125000.0 3600000.0 17330141.017795995 17791605.157037046 1297141.8258733111 1285701.3991954417 0.0 0.0 7363822.37503029 6868712.65846134 5.657814979553223
71 60000.0 125000.0 3850000.0 17319227.80262841 17782696.581812162 1286774.2714668615 1277261.439435388 0.0 0.0 7363822.37503029 6868712.65846134 11.787904024124146
72 60000.0 125000.0 4100000.0 17311797.601713426 17775987.42083777 1279715.5805979695 1270905.1987115324 0.0 0.0 7363822.37503029 6868712.65846134 5.589221000671387
73 60000.0 125000.0 4350000.0 17305450.94138355 17775074.07406169 1273686.2532841356 1270039.8964823363 0.0 0.0 7363822.37503029 6868712.65846134 14.677460193634033
74 60000.0 125000.0 4600000.0 17299856.474107206 17774345.38915159 1268371.509371917 1269349.5424031804 0.0 0.0 7363822.37503029 6868712.65846134 5.608103036880493
75 80000.0 125000.0 3600000.0 14764806.106511075 15904535.426976439 1314681.1184999896 1300789.4693986946 0.0 486678.12375704997 9818429.833374482 8671605.42086011 5.639141082763672
76 80000.0 125000.0 3850000.0 14757684.85206728 15897829.440026462 1307915.9267819144 1294437.5280004826 0.0 486676.83149455 9818429.833374482 8671606.713122694 8.075102090835571
77 80000.0 125000.0 4100000.0 14752508.58377735 15891330.011245303 1302998.471905356 1288281.807673688 0.0 486675.01079785003 9818429.833374482 8671608.533819325 5.6250159740448
78 80000.0 125000.0 4350000.0 14747993.050532933 15890492.973476442 1298708.715323413 1287486.052683309 0.0 486677.75850820006 9818429.833374482 8671605.78610911 10.83997392654419
79 80000.0 125000.0 4600000.0 14744017.39688544 15889830.48453379 1294931.844358383 1286858.509040927 0.0 486677.66195 9818429.833374482 8671605.882667258 5.6274330615997314
