 A V P E_repr E_full
0 20000.0 50000.0 3600000.0  
1 20000.0 50000.0 3850000.0  
2 20000.0 50000.0 4100000.0  
3 20000.0 50000.0 4350000.0  
4 20000.0 50000.0 4600000.0 21811005.01302063 21854538.057617407
5 40000.0 50000.0 3600000.0  
6 40000.0 50000.0 3850000.0  
7 40000.0 50000.0 4100000.0  
8 40000.0 50000.0 4350000.0  19302437.06376168
9 40000.0 50000.0 4600000.0 19196838.455996122 19292852.736871768
10 60000.0 50000.0 3600000.0  
11 60000.0 50000.0 3850000.0  
12 60000.0 50000.0 4100000.0  
13 60000.0 50000.0 4350000.0  17811136.186691366
14 60000.0 50000.0 4600000.0 16869838.257925685 17802734.210706
15 80000.0 50000.0 3600000.0  
16 80000.0 50000.0 3850000.0  
17 80000.0 50000.0 4100000.0  
18 80000.0 50000.0 4350000.0  16920610.382523663
19 80000.0 50000.0 4600000.0 15559245.988552563 16912627.51586621
20 20000.0 75000.0 3600000.0  
21 20000.0 75000.0 3850000.0  
22 20000.0 75000.0 4100000.0 22036971.55632678 22088758.59971543
23 20000.0 75000.0 4350000.0 22028525.389402013 22076513.403140847
24 20000.0 75000.0 4600000.0 22020252.109904174 22065915.77019295
25 40000.0 75000.0 3600000.0  
26 40000.0 75000.0 3850000.0  19531371.59926638
27 40000.0 75000.0 4100000.0 19419474.709390532 19518951.31136528
28 40000.0 75000.0 4350000.0 19411234.187086273 19509275.863559186
29 40000.0 75000.0 4600000.0 19403107.716229063 19500730.7410772
30 60000.0 75000.0 3600000.0  
31 60000.0 75000.0 3850000.0  16966249.892479107
32 60000.0 75000.0 4100000.0 16802605.35184166 16957962.426905293
33 60000.0 75000.0 4350000.0 16794550.76626449 16950758.23037074
34 60000.0 75000.0 4600000.0 16786588.58923164 16944390.194861066
35 80000.0 75000.0 3600000.0  
36 80000.0 75000.0 3850000.0  15859253.481663207
37 80000.0 75000.0 4100000.0 14506333.549346697 15851705.451814318
38 80000.0 75000.0 4350000.0 14498412.494304758 15845125.83616458
39 80000.0 75000.0 4600000.0 14490567.653445069 15839309.789978268
40 20000.0 100000.0 3600000.0 22262444.253370143 22311826.77547999
41 20000.0 100000.0 3850000.0 22239540.11835456 22293054.39661361
42 20000.0 100000.0 4100000.0 22223554.465740517 22276630.065591466
43 20000.0 100000.0 4350000.0 22215890.14231897 22265283.95916933
44 20000.0 100000.0 4600000.0 22208459.482977703 22255530.447990745
45 40000.0 100000.0 3600000.0 19621710.83819685 19731678.402889587
46 40000.0 100000.0 3850000.0 19611844.454127055 19716679.070479285
47 40000.0 100000.0 4100000.0 19604224.232606396 19704926.256927256
48 40000.0 100000.0 4350000.0 19596726.229802094 19695960.87802665
49 40000.0 100000.0 4600000.0 19589334.075827662 19688051.42990029
50 60000.0 100000.0 3600000.0 17000396.642903592 17160635.38852426
51 60000.0 100000.0 3850000.0 16992852.2347992 17149153.601652633
52 60000.0 100000.0 4100000.0 16985425.806852676 17141456.835958913
53 60000.0 100000.0 4350000.0 16978098.587184332 17134761.45094862
54 60000.0 100000.0 4600000.0 16970857.161939137 17128851.52582024
55 80000.0 100000.0 3600000.0 14382977.531698903 14775611.335811595
56 80000.0 100000.0 3850000.0 14375631.22635568 14768072.244537732
57 80000.0 100000.0 4100000.0 14368378.677345833 14762443.383749845
58 80000.0 100000.0 4350000.0 14361204.487301597 14757537.561658433
59 80000.0 100000.0 4600000.0 14354097.628829606 14753211.619525725
60 20000.0 125000.0 3600000.0 22433817.140369624 22483473.690267336
61 20000.0 125000.0 3850000.0 22412523.164075844 22465827.15933031
62 20000.0 125000.0 4100000.0 22396127.892834004 22450376.191983704
63 20000.0 125000.0 4350000.0 22389084.18997168 22439437.189471044
64 20000.0 125000.0 4600000.0 22382237.75664014 22430277.183366746
65 40000.0 125000.0 3600000.0 19793272.31533319 19902517.763027184
66 40000.0 125000.0 3850000.0 19782480.1497758 19888372.675305746
67 40000.0 125000.0 4100000.0 19775394.103561543 19877055.54063746
68 40000.0 125000.0 4350000.0 19768422.785246883 19868578.389338206
69 40000.0 125000.0 4600000.0 19761551.67154522 19861108.601577826
70 60000.0 125000.0 3600000.0 17169135.662117343 17330141.017795995
71 60000.0 125000.0 3850000.0 17162119.823704056 17319227.80262841
72 60000.0 125000.0 4100000.0 17155215.346609056 17311797.601713426
73 60000.0 125000.0 4350000.0 17148404.16295069 17305450.94138355
74 60000.0 125000.0 4600000.0 17141674.25821273 17299856.474107206
75 80000.0 125000.0 3600000.0 14550229.286234146 14764806.106511075
76 80000.0 125000.0 3850000.0 14543398.8441 14757684.85206728
77 80000.0 125000.0 4100000.0 14536657.096728778 14752508.58377735
78 80000.0 125000.0 4350000.0 14529989.31253116 14747993.050532933
79 80000.0 125000.0 4600000.0 14523385.43091003 14744017.39688544
