 A V P E_backup_full E_backup_repr E_loss_stor_full E_loss_stor_repr E_curt_full E_curt_repr E_sol_full E_sol_repr t_repr
0 20000.0 50000.0 3600000.0         4.837539196014404
1 20000.0 50000.0 3850000.0         11.329967021942139
2 20000.0 50000.0 4100000.0         5.268783092498779
3 20000.0 50000.0 4350000.0         14.034208059310913
4 20000.0 50000.0 4600000.0 21854538.057617407 21758138.75807685 686104.0970168937 694214.8746411896 0.0 0.0 2454607.4583434653 2385563.177185032 5.437374830245972
5 40000.0 50000.0 3600000.0         4.765110015869141
6 40000.0 50000.0 3850000.0         5.631572008132935
7 40000.0 50000.0 4100000.0         5.1575398445129395
8 40000.0 50000.0 4350000.0 19302437.06376168  716215.6111994324  0.0  4909214.9166870015  14.232356071472168
9 40000.0 50000.0 4600000.0 19292852.736871768 19262784.974550914 707110.500652589 715686.713897831 0.0 0.0 4909214.9166870015 4771126.3543688 9.238055944442749
10 60000.0 50000.0 3600000.0         8.807353019714355
11 60000.0 50000.0 3850000.0         5.08118200302124
12 60000.0 50000.0 4100000.0         5.107494831085205
13 60000.0 50000.0 4350000.0 17811136.186691366 18141833.517499115 718607.9570548973 720711.3366911171 1035479.2792680231 1318552.21508139 6328343.095762517 5838137.316473431 15.370835065841675
14 60000.0 50000.0 4600000.0 17802734.210706 18132806.330435403 710625.8084183936 712160.8227194857 1035479.550717813 1318550.39676198 6328342.82431272 5838139.13479393 5.478568077087402
15 80000.0 50000.0 3600000.0         7.260946989059448
16 80000.0 50000.0 3850000.0         5.059435129165649
17 80000.0 50000.0 4100000.0         14.136954069137573
18 80000.0 50000.0 4350000.0 16920610.382523663 17566628.197064895 714297.5444210961 715158.3306818604 2648397.636290072 3164720.453605996 7170032.197084365 6377532.255131678 5.624943971633911
19 80000.0 50000.0 4600000.0 16912627.51586621 17557634.62599071 706713.5676110379 706637.1321066961 2648397.8897744752 3164721.16757948 7170031.943599923 6377531.54115735 5.425939083099365
20 20000.0 75000.0 3600000.0         7.685209035873413
21 20000.0 75000.0 3850000.0         8.935090065002441
22 20000.0 75000.0 4100000.0 22088758.59971543 22004840.909576718 908613.6120130093 927939.8170762858 0.0 0.0 2454607.4583434653 2385563.177185032 11.109984874725342
23 20000.0 75000.0 4350000.0 22076513.403140847 21986783.038348816 896980.6752662795 910831.8393474552 0.0 0.0 2454607.4583434653 2385563.177185032 5.375091075897217
24 20000.0 75000.0 4600000.0 22065915.77019295 21968974.54391766 886912.9239635947 893960.1205163326 0.0 0.0 2454607.4583434653 2385563.177185032 15.493490934371948
25 40000.0 75000.0 3600000.0         5.127768039703369
26 40000.0 75000.0 3850000.0 19531371.59926638  933703.419930575  0.0  4909214.9166870015  4.986714839935303
27 40000.0 75000.0 4100000.0 19518951.31136528 19490286.405111525 921904.1464247431 931220.94592293 0.0 0.0 4909214.9166870015 4771126.3543688 5.748728036880493
28 40000.0 75000.0 4350000.0 19509275.863559186 19477249.191560008 912712.4710092264 918869.5255211693 0.0 0.0 4909214.9166870015 4771126.3543688 9.490946054458618
29 40000.0 75000.0 4600000.0 19500730.7410772 19469245.788573332 904594.6046506256 911287.1234593783 0.0 0.0 4909214.9166870015 4771126.3543688 7.5021820068359375
30 60000.0 75000.0 3600000.0         4.9243550300598145
31 60000.0 75000.0 3850000.0 16966249.892479107 17089881.770428535 951445.2568258119 955257.327823152 0.0 87390.02083347 7363822.37503029 7069299.510722269 13.304526090621948
32 60000.0 75000.0 4100000.0 16957962.426905293 17081861.707043886 943572.1645296622 947657.6104381697 0.0 87391.55214405 7363822.37503029 7069297.9794112565 9.560309886932373
33 60000.0 75000.0 4350000.0 16950758.23037074 17074004.405341044 936728.1778227141 940214.4775483357 0.0 87390.69892685999 7363822.37503029 7069298.832628988 5.381104946136475
34 60000.0 75000.0 4600000.0 16944390.194861066 17066270.99906745 930678.54408677 932886.5898041796 0.0 87391.97875692001 7363822.37503029 7069297.552798206 5.557337999343872
35 80000.0 75000.0 3600000.0         5.130738973617554
36 80000.0 75000.0 3850000.0 15859253.481663207 16513628.091028921 945875.6251627707 941508.5887835092 1408530.499734648 1940760.779967126 8409899.33363975 7601491.928770803 14.61282205581665
37 80000.0 75000.0 4100000.0 15851705.451814318 16505642.72288457 938704.9398226759 933942.5015352712 1408530.5567173 1940761.5513114058 8409899.27665724 7601491.157425478 5.340090990066528
38 80000.0 75000.0 4350000.0 15845125.83616458 16497816.082054859 932454.3619387472 926531.9036389716 1408530.499734648 1940757.2111290318 8409899.33363975 7601495.497606322 7.317975997924805
39 80000.0 75000.0 4600000.0 15839309.789978268 16490110.10238723 926929.0159096755 919230.8404006937 1408530.60188408 1940757.6503446922 8409899.23149037 7601495.058390321 5.463346004486084
40 20000.0 100000.0 3600000.0 22311826.77547999 22224664.80341528 1120528.3789886814 1136200.3718326816 0.0 0.0 2454607.4583434653 2385563.177185032 9.737586975097656
41 20000.0 100000.0 3850000.0 22293054.39661361 22207613.2791995 1102694.6190643234 1120045.8045067678 0.0 0.0 2454607.4583434653 2385563.177185032 5.344184160232544
42 20000.0 100000.0 4100000.0 22276630.065591466 22190912.62612134 1087091.5045940843 1104223.6515332859 0.0 0.0 2454607.4583434653 2385563.177185032 5.464482069015503
43 20000.0 100000.0 4350000.0 22265283.95916933 22174502.90969089 1076312.703494332 1088677.1311452417 0.0 0.0 2454607.4583434653 2385563.177185032 8.561217069625854
44 20000.0 100000.0 4600000.0 22255530.447990745 22158322.765870824 1067046.8678735238 1073348.1072194006 0.0 0.0 2454607.4583434653 2385563.177185032 10.944844007492065
45 40000.0 100000.0 3600000.0 19731678.402889587 19708739.41912267 1123994.883370072 1138182.7328944565 0.0 0.0 4909214.9166870015 4771126.3543688 5.874985933303833
46 40000.0 100000.0 3850000.0 19716679.070479285 19692212.382054012 1109745.5175806645 1122525.063256287 0.0 0.0 4909214.9166870015 4771126.3543688 5.515295028686523
47 40000.0 100000.0 4100000.0 19704926.256927256 19675971.125532717 1098580.3447064648 1107138.1413223203 0.0 0.0 4909214.9166870015 4771126.3543688 5.46558403968811
48 40000.0 100000.0 4350000.0 19695960.87802665 19662923.872430895 1090063.2347509286 1094777.2094776744 0.0 0.0 4909214.9166870015 4771126.3543688 10.90858006477356
49 40000.0 100000.0 4600000.0 19688051.42990029 19655639.580150936 1082549.2590314627 1087876.0909311199 0.0 0.0 4909214.9166870015 4771126.3543688 5.397231101989746
50 60000.0 100000.0 3600000.0 17160635.38852426 17193780.622005414 1136111.4780650006 1141080.8359867132 0.0 0.0 7363822.37503029 7156689.531555468 7.1980140209198
51 60000.0 100000.0 3850000.0 17149153.601652633 17181471.87749775 1125203.78053817 1129419.5651631244 0.0 0.0 7363822.37503029 7156689.531555468 5.410022020339966
52 60000.0 100000.0 4100000.0 17141456.835958913 17174178.86841252 1117891.853128507 1122510.1883347966 0.0 0.0 7363822.37503029 7156689.531555468 15.641814231872559
53 60000.0 100000.0 4350000.0 17134761.45094862 17167038.354741227 1111531.2373688135 1115745.2852458535 0.0 0.0 7363822.37503029 7156689.531555468 5.3374810218811035
54 60000.0 100000.0 4600000.0 17128851.52582024 17160011.696523506 1105916.8084981444 1109088.2485046384 0.0 0.0 7363822.37503029 7156689.531555468 5.498544931411743
55 80000.0 100000.0 3600000.0 14775611.335811595 15434678.507558817 1151488.567898515 1144248.3894460488 173457.51843737 715827.099955905 9644972.31493722 8826425.60878169 5.394716024398804
56 80000.0 100000.0 3850000.0 14768072.244537732 15427425.62766555 1144326.324010257 1137377.0309065897 173457.62561835998 715827.099955905 9644972.207756333 8826425.60878169 9.324643850326538
57 80000.0 100000.0 4100000.0 14762443.383749845 15420323.149990411 1138978.9062596115 1130647.6949393621 173457.62561835998 715827.568030515 9644972.207756333 8826425.140707558 5.4134039878845215
58 80000.0 100000.0 4350000.0 14757537.561658433 15413351.101313446 1134318.3086562671 1124042.773034407 173457.69223545 715827.190120875 9644972.14113927 8826425.518616594 5.453691005706787
59 80000.0 100000.0 4600000.0 14753211.619525725 15406474.621268973 1130208.8374290278 1117527.6367711 173457.51843737 715827.568030515 9644972.31493722 8826425.140707558 11.75588607788086
60 20000.0 125000.0 3600000.0 22483473.690267336 22394597.91835202 1283592.9480340905 1297194.5393481122 0.0 0.0 2454607.4583434653 2385563.177185032 9.614514112472534
61 20000.0 125000.0 3850000.0 22465827.15933031 22378772.35023553 1266828.7436441574 1282201.439474543 0.0 0.0 2454607.4583434653 2385563.177185032 6.9851179122924805
62 20000.0 125000.0 4100000.0 22450376.191983704 22363279.96975203 1252150.3246668265 1267524.0006496205 0.0 0.0 2454607.4583434653 2385563.177185032 5.573588132858276
63 20000.0 125000.0 4350000.0 22439437.189471044 22348051.261072285 1241758.2722792341 1253096.363767662 0.0 0.0 2454607.4583434653 2385563.177185032 5.454762935638428
64 20000.0 125000.0 4600000.0 22430277.183366746 22333037.01133795 1233056.266478271 1238871.9047069864 0.0 0.0 2454607.4583434653 2385563.177185032 10.675235986709595
65 40000.0 125000.0 3600000.0 19902517.763027184 19878391.5840597 1286292.275500686 1298910.7291524676 0.0 0.0 4909214.9166870015 4771126.3543688 5.419425010681152
66 40000.0 125000.0 3850000.0 19888372.675305746 19863029.184532654 1272854.4421663538 1284356.4339313165 0.0 0.0 4909214.9166870015 4771126.3543688 7.570911884307861
67 40000.0 125000.0 4100000.0 19877055.54063746 19847933.84481955 1262103.1642328172 1270055.150439643 0.0 0.0 4909214.9166870015 4771126.3543688 5.420428991317749
68 40000.0 125000.0 4350000.0 19868578.389338206 19834783.92063183 1254049.8704980349 1257596.9482913355 0.0 0.0 4909214.9166870015 4771126.3543688 15.544612884521484
69 40000.0 125000.0 4600000.0 19861108.601577826 19828009.583314057 1246953.5721247566 1251178.9596803817 0.0 0.0 4909214.9166870015 4771126.3543688 5.3752360343933105
70 60000.0 125000.0 3600000.0 17330141.017795995 17363165.07295368 1297141.8258733111 1301555.2007455623 0.0 0.0 7363822.37503029 7156689.531555468 5.530507802963257
71 60000.0 125000.0 3850000.0 17319227.80262841 17350715.850584142 1286774.2714668615 1289760.8415812955 0.0 0.0 7363822.37503029 7156689.531555468 5.458626985549927
72 60000.0 125000.0 4100000.0 17311797.601713426 17343927.567989167 1279715.5805979695 1283329.641245437 0.0 0.0 7363822.37503029 7156689.531555468 9.685006141662598
73 60000.0 125000.0 4350000.0 17305450.94138355 17337286.38552804 1273686.2532841356 1277037.8031760463 0.0 0.0 7363822.37503029 7156689.531555468 5.357906103134155
74 60000.0 125000.0 4600000.0 17299856.474107206 17330753.082266785 1268371.509371917 1270848.1695700942 0.0 0.0 7363822.37503029 7156689.531555468 5.392110109329224
75 80000.0 125000.0 3600000.0 14764806.106511075 14859952.152235756 1314681.1184999896 1315581.3149646516 0.0 0.0 9818429.833374482 9542252.708736831 11.344202041625977
76 80000.0 125000.0 3850000.0 14757684.85206728 14853303.009732658 1307915.9267819144 1309281.9355751795 0.0 0.0 9818429.833374482 9542252.708736831 9.646591901779175
77 80000.0 125000.0 4100000.0 14752508.58377735 14846780.805296818 1302998.471905356 1303102.8169584966 0.0 0.0 9818429.833374482 9542252.708736831 6.96172308921814
78 80000.0 125000.0 4350000.0 14747993.050532933 14840374.902543401 1298708.715323413 1297033.8822389212 0.0 0.0 9818429.833374482 9542252.708736831 5.525030136108398
79 80000.0 125000.0 4600000.0 14744017.39688544 14834051.2293998 1294931.844358383 1291042.8516306563 0.0 0.0 9818429.833374482 9542252.708736831 5.425431966781616
