 A V P E_backup_full E_backup_repr E_loss_stor_full E_loss_stor_repr E_curt_full E_curt_repr E_sol_full E_sol_repr t_repr
0 20000.0 50000.0 3600000.0         2.5759999752044678
1 20000.0 50000.0 3850000.0         2.8569998741149902
2 20000.0 50000.0 4100000.0         2.815000057220459
3 20000.0 50000.0 4350000.0         2.8299999237060547
4 20000.0 50000.0 4600000.0 21045864.16629304 20476866.914327294 685650.523871684 682650.0671950784 0.0 0.0 2170100.8736420018 2268944.5588683095 3.316999912261963
5 40000.0 50000.0 3600000.0         2.559000015258789
6 40000.0 50000.0 3850000.0         3.5829999446868896
7 40000.0 50000.0 4100000.0         3.009999990463257
8 40000.0 50000.0 4350000.0 18904174.581249487  714061.8124713358  0.0  4340201.747283952  3.5340001583099365
9 40000.0 50000.0 4600000.0 18894459.16627445 18246358.413172625 704346.3974977705 721086.1249004892 0.0 0.0 4340201.747283952 4537889.117737229 4.233999967575073
10 60000.0 50000.0 3600000.0         3.1570000648498535
11 60000.0 50000.0 3850000.0         3.809999942779541
12 60000.0 50000.0 4100000.0         4.118000030517578
13 60000.0 50000.0 4350000.0 17451189.459854893  721044.1051959022  710133.4595233587  5800169.1614015885  3.564000129699707
14 60000.0 50000.0 4600000.0 17442759.778651364 16980596.81099364 712614.3465061572 740605.2392061187 710133.5370109888 983663.842388199 5800169.083913939 5823169.8342134 4.258000135421753
15 80000.0 50000.0 3600000.0         2.747999906539917
16 80000.0 50000.0 3850000.0         3.874000072479248
17 80000.0 50000.0 4100000.0         3.629000186920166
18 80000.0 50000.0 4350000.0 16733572.310173215  717035.7942419078  2166625.4944368107  6513778.000131004  2.989000082015991
19 80000.0 50000.0 4600000.0 16725450.44985847 16382180.623278702 708913.9320380446 741127.2759808816 2166625.4963270305 2653670.1767709 6513777.998240783 6422108.05870224 3.5950000286102295
20 20000.0 75000.0 3600000.0         3.007999897003174
21 20000.0 75000.0 3850000.0         3.0939998626708984
22 20000.0 75000.0 4100000.0 21269122.40991693 20695852.30948681 908908.767499099 901635.462356198 0.0 0.0 2170100.8736420018 2268944.5588683095 3.6500000953674316
23 20000.0 75000.0 4350000.0 21257134.063808266 20685244.209448073 896920.4213861672 891027.3622823864 0.0 0.0 2170100.8736420018 2268944.5588683095 3.630999803543091
24 20000.0 75000.0 4600000.0 21246912.85540672 20677980.862105783 886699.2129859101 883764.014962193 0.0 0.0 2170100.8736420018 2268944.5588683095 3.26200008392334
25 40000.0 75000.0 3600000.0         2.9040000438690186
26 40000.0 75000.0 3850000.0  18463327.88206636  938055.5938041839  0.0  4537889.117737229 3.4240000247955322
27 40000.0 75000.0 4100000.0 19110849.439150207 18455875.30941534 920736.6703734829 930603.0211519871 0.0 0.0 4340201.747283952 4537889.117737229 3.5939998626708984
28 40000.0 75000.0 4350000.0 19101041.782372814 18448587.779507942 910929.0135956508 923315.4912422914 0.0 0.0 4340201.747283952 4537889.117737229 3.367000102996826
29 40000.0 75000.0 4600000.0 19092385.401332512 18441382.23943248 902272.6325566795 916109.9511724391 0.0 0.0 4340201.747283952 4537889.117737229 3.2799999713897705
30 60000.0 75000.0 3600000.0         2.863999843597412
31 60000.0 75000.0 3850000.0 16969146.421537004 16234908.868571421 949134.52640316 978581.1391828906 0.0 0.0 6510302.620925047 6806833.676601199 3.451000213623047
32 60000.0 75000.0 4100000.0 16959818.11301143 16227649.838282062 939806.2178797977 971322.1088907026 0.0 0.0 6510302.620925047 6806833.676601199 3.197000026702881
33 60000.0 75000.0 4350000.0 16952176.91653074 16220526.878206642 932165.0213979221 964199.1488136189 0.0 0.0 6510302.620925047 6806833.676601199 3.3500001430511475
34 60000.0 75000.0 4600000.0 16945425.900590185 16213672.718177902 925414.0054574277 957344.9887830926 0.0 0.0 6510302.620925047 6806833.676601199 4.266999959945679
35 80000.0 75000.0 3600000.0         2.867000102996826
36 80000.0 75000.0 3850000.0 15741223.323348435 15426661.63065418 949486.2598072272 984182.5120307149 941826.0420503002 1455095.948103 7738577.452516802 7620682.287367411 4.847999811172485
37 80000.0 75000.0 4100000.0 15733471.267071882 15419451.153815161 941734.0759954536 976968.2206741323 941826.1695869372 1455099.76261902 7738577.324980055 7620678.472853281 3.434999942779541
38 80000.0 75000.0 4350000.0 15726718.89560065 15412368.894030742 934981.70153221 969898.1597493303 941826.1725789371 1455087.5637585002 7738577.321988144 7620690.671713381 4.153000116348267
39 80000.0 75000.0 4600000.0 15720750.116171228 15408239.83025969 929012.9500382608 965763.6671744548 941826.14464292 1455092.99255544 7738577.3499241425 7620685.242916441 3.372999906539917
40 20000.0 100000.0 3600000.0 21482203.458161987 20920188.996826746 1121989.8157418314 1125972.1496475358 0.0 0.0 2170100.8736420018 2268944.5588683095 3.572000026702881
41 20000.0 100000.0 3850000.0 21463950.94199573 20892657.280520726 1103737.2995757116 1098440.4333120254 0.0 0.0 2170100.8736420018 2268944.5588683095 3.3370001316070557
42 20000.0 100000.0 4100000.0 21447972.913721967 20875225.183436453 1087759.2713015857 1081008.3362444898 0.0 0.0 2170100.8736420018 2268944.5588683095 3.430000066757202
43 20000.0 100000.0 4350000.0 21436628.77318429 20864839.107768692 1076415.1307646465 1070622.260574242 0.0 0.0 2170100.8736420018 2268944.5588683095 4.098999977111816
44 20000.0 100000.0 4600000.0 21427226.10285857 20858235.916149963 1067012.460439848 1064019.0689573 0.0 0.0 2170100.8736420018 2268944.5588683095 3.3400001525878906
45 40000.0 100000.0 3600000.0 19315266.76590242 18657731.440282878 1125153.997125015 1132459.1520172677 0.0 0.0 4340201.747283952 4537889.117737229 3.937000036239624
46 40000.0 100000.0 3850000.0 19300154.89143025 18637754.055548247 1110042.1226531807 1112481.7672788196 0.0 0.0 4340201.747283952 4537889.117737229 3.544999837875366
47 40000.0 100000.0 4100000.0 19287724.964605585 18630848.526004627 1097612.1958287887 1105576.2377343753 0.0 0.0 4340201.747283952 4537889.117737229 4.321000099182129
48 40000.0 100000.0 4350000.0 19278637.355411604 18624220.41026424 1088524.5866344268 1098948.1219954656 0.0 0.0 4340201.747283952 4537889.117737229 4.421999931335449
49 40000.0 100000.0 4600000.0 19270629.608611904 18617665.95644656 1080516.8398361765 1092393.668184519 0.0 0.0 4340201.747283952 4537889.117737229 3.815000057220459
50 60000.0 100000.0 3600000.0 17155618.49383658 16412228.43423612 1135606.5987001006 1155900.7048392056 0.0 0.0 6510302.620925047 6806833.676601199 3.9699997901916504
51 60000.0 100000.0 3850000.0 17143504.47688759 16405516.353233349 1123492.581751462 1149188.6238363823 0.0 0.0 6510302.620925047 6806833.676601199 3.3440001010894775
52 60000.0 100000.0 4100000.0 17134626.43407681 16398905.447903743 1114614.5389420006 1142577.7185051946 0.0 0.0 6510302.620925047 6806833.676601199 3.4139997959136963
53 60000.0 100000.0 4350000.0 17127532.911499772 16392428.89719664 1107521.0163637474 1136101.1678005052 0.0 0.0 6510302.620925047 6806833.676601199 3.9839999675750732
54 60000.0 100000.0 4600000.0 17121275.523652554 16386009.612957658 1101263.6285186391 1129681.8835569029 0.0 0.0 6510302.620925047 6806833.676601199 3.9639999866485596
55 80000.0 100000.0 3600000.0 15001409.786771208 14435175.894623298 1151498.7652771785 1187238.0757478918 0.0 260554.64834070002 8680403.494567376 8815223.587129079 3.6650002002716064
56 80000.0 100000.0 3850000.0 14992282.7283016 14428615.950696018 1142371.7068080865 1180679.4781152147 0.0 260553.30205295997 8680403.494567376 8815224.933418289 4.101000070571899
57 80000.0 100000.0 4100000.0 14986141.75702544 14423827.78394733 1136230.735533337 1175886.7359272544 0.0 260557.8774939 8680403.494567376 8815220.357977977 3.8600001335144043
58 80000.0 100000.0 4350000.0 14980793.781224247 14420358.686763274 1130882.759730735 1172424.0970038867 0.0 260551.4192274 8680403.494567376 8815226.816244477 3.698000192642212
59 80000.0 100000.0 4600000.0 14976076.149722153 14416952.039403778 1126165.1282300528 1169010.9913770698 0.0 260557.8774939 8680403.494567376 8815220.357977977 3.5350000858306885
60 20000.0 125000.0 3600000.0 21645252.15410624 21083337.94337146 1285038.5116842035 1289121.096185515 0.0 0.0 2170100.8736420018 2268944.5588683095 3.371999979019165
61 20000.0 125000.0 3850000.0 21628118.55047409 21057800.179868866 1267904.9080533292 1263583.3326778442 0.0 0.0 2170100.8736420018 2268944.5588683095 3.4260001182556152
62 20000.0 125000.0 4100000.0 21613116.885889314 21040695.93978981 1252903.2434693235 1246479.0925922168 0.0 0.0 2170100.8736420018 2268944.5588683095 3.236999988555908
63 20000.0 125000.0 4350000.0 21602190.47179702 21030407.334020562 1241976.829375523 1236190.4868221562 0.0 0.0 2170100.8736420018 2268944.5588683095 3.2639999389648438
64 20000.0 125000.0 4600000.0 21593368.88033568 21024274.12565909 1233155.237917473 1230057.2784708515 0.0 0.0 2170100.8736420018 2268944.5588683095 3.2799999713897705
65 40000.0 125000.0 3600000.0 19477577.76322755 18820169.818481278 1287464.9944486902 1294897.5302203398 0.0 0.0 4340201.747283952 4537889.117737229 4.188999891281128
66 40000.0 125000.0 3850000.0 19463333.478229508 18800673.429649368 1273220.709451259 1275401.1413764746 0.0 0.0 4340201.747283952 4537889.117737229 4.0940001010894775
67 40000.0 125000.0 4100000.0 19451396.17202223 18793050.33774062 1261283.4032450996 1267778.0494719471 0.0 0.0 4340201.747283952 4537889.117737229 3.2790000438690186
68 40000.0 125000.0 4350000.0 19442805.519379653 18786890.07955234 1252692.7506019594 1261617.7912796016 0.0 0.0 4340201.747283952 4537889.117737229 3.547999858856201
69 40000.0 125000.0 4600000.0 19435246.57241216 18780797.6959008 1245133.8036364957 1255525.4076340792 0.0 0.0 4340201.747283952 4537889.117737229 3.265000104904175
70 60000.0 125000.0 3600000.0 17316829.07884887 16570845.41416968 1296817.183712158 1314517.6847660332 0.0 0.0 6510302.620925047 6806833.676601199 3.3909997940063477
71 60000.0 125000.0 3850000.0 17305390.454670627 16564604.215081459 1285378.5595352245 1308276.485677427 0.0 0.0 6510302.620925047 6806833.676601199 3.3239998817443848
72 60000.0 125000.0 4100000.0 17296797.419704314 16558452.589184102 1276785.5245706246 1302124.8597869743 0.0 0.0 6510302.620925047 6806833.676601199 3.740999937057495
73 60000.0 125000.0 4350000.0 17290079.490337495 16552434.40481098 1270067.5952026409 1296106.675411349 0.0 0.0 6510302.620925047 6806833.676601199 3.7339999675750732
74 60000.0 125000.0 4600000.0 17284162.134631883 16546468.96414572 1264150.2394989117 1290141.2347467926 0.0 0.0 6510302.620925047 6806833.676601199 3.3289999961853027
75 80000.0 125000.0 3600000.0 15161112.376311427 14336331.122845558 1311201.3548186587 1348947.9523139617 0.0 0.0 8680403.494567376 9075778.235471878 3.747999906539917
76 80000.0 125000.0 3850000.0 15152292.330175426 14330253.67768108 1302381.3086840382 1342870.5071534778 0.0 0.0 8680403.494567376 9075778.235471878 3.3930001258850098
77 80000.0 125000.0 4100000.0 15146467.308858687 14326377.14217434 1296556.2873688205 1338993.9716418376 0.0 0.0 8680403.494567376 9075778.235471878 3.2230000495910645
78 80000.0 125000.0 4350000.0 15141388.844065187 14323168.875602119 1291477.8225735738 1335785.7050705075 0.0 0.0 8680403.494567376 9075778.235471878 3.247999906539917
79 80000.0 125000.0 4600000.0 15136915.274298675 14320015.234791482 1287004.2528094316 1332632.0642546765 0.0 0.0 8680403.494567376 9075778.235471878 3.489000082015991
