 A V P E_backup_full E_backup_repr E_loss_stor_full E_loss_stor_repr E_curt_full E_curt_repr E_sol_full E_sol_repr t_repr
0 20000.0 50000.0 3600000.0         3.4089999198913574
1 20000.0 50000.0 3850000.0         3.6089999675750732
2 20000.0 50000.0 4100000.0         4.190999984741211
3 20000.0 50000.0 4350000.0  21028528.03135234  689070.6440608539  0.0  2144094.8107911195 4.322000026702881
4 20000.0 50000.0 4600000.0 21045864.16629304 21019826.529600818 685650.523871684 680369.1423099063 0.0 0.0 2170100.8736420018 2144094.8107911195 4.125
5 40000.0 50000.0 3600000.0         3.9170000553131104
6 40000.0 50000.0 3850000.0         3.752000093460083
7 40000.0 50000.0 4100000.0         4.363000154495239
8 40000.0 50000.0 4350000.0 18904174.581249487 18913526.046502 714061.8124713358 718163.4700041282 0.0 0.0 4340201.747283952 4288189.62158088 4.2220001220703125
9 40000.0 50000.0 4600000.0 18894459.16627445 18905116.485825196 704346.3974977705 709753.9093358223 0.0 0.0 4340201.747283952 4288189.62158088 4.246000051498413
10 60000.0 50000.0 3600000.0         3.9040000438690186
11 60000.0 50000.0 3850000.0         3.8259999752044678
12 60000.0 50000.0 4100000.0         4.16700005531311
13 60000.0 50000.0 4350000.0 17451189.459854893 18386408.751183566 721044.1051959022 714882.5927092897 710133.4595233587 1620258.3927678843 5800169.1614015885 4812026.039604204 4.297000169754028
14 60000.0 50000.0 4600000.0 17442759.778651364 18378023.66851497 712614.3465061572 706495.7801462521 710133.5370109888 1620260.1226644837 5800169.083913939 4812024.309708768 3.9809999465942383
15 80000.0 50000.0 3600000.0         3.3320000171661377
16 80000.0 50000.0 3850000.0         4.171999931335449
17 80000.0 50000.0 4100000.0         4.678999900817871
18 80000.0 50000.0 4350000.0 16733572.310173215 18104755.017748054 717035.7942419078 710154.4173317743 2166625.4944368107 3487427.6455071364 6513778.000131004 5088951.597655571 5.7200000286102295
19 80000.0 50000.0 4600000.0 16725450.44985847 18096372.573698163 708913.9320380446 701770.567484716 2166625.4963270305 3487429.0513076163 6513777.998240783 5088950.19185672 4.723999977111816
20 20000.0 75000.0 3600000.0         4.453999996185303
21 20000.0 75000.0 3850000.0         4.188000202178955
22 20000.0 75000.0 4100000.0 21269122.40991693 21239811.933553625 908908.767499099 900354.5462693104 0.0 0.0 2170100.8736420018 2144094.8107911195 4.741000175476074
23 20000.0 75000.0 4350000.0 21257134.063808266 21227055.32743926 896920.4213861672 887597.9401583377 0.0 0.0 2170100.8736420018 2144094.8107911195 4.794000148773193
24 20000.0 75000.0 4600000.0 21246912.85540672 21219438.22228445 886699.2129859101 879980.8350008499 0.0 0.0 2170100.8736420018 2144094.8107911195 4.1549999713897705
25 40000.0 75000.0 3600000.0         4.259999990463257
26 40000.0 75000.0 3850000.0         4.635999917984009
27 40000.0 75000.0 4100000.0 19110849.439150207 19115583.737855427 920736.6703734829 920221.1613618411 0.0 0.0 4340201.747283952 4288189.62158088 4.148000001907349
28 40000.0 75000.0 4350000.0 19101041.782372814 19108012.141338978 910929.0135956508 912649.5648476672 0.0 0.0 4340201.747283952 4288189.62158088 4.16100001335144
29 40000.0 75000.0 4600000.0 19092385.401332512 19100663.679806318 902272.6325566795 905301.1033164214 0.0 0.0 4340201.747283952 4288189.62158088 4.059999942779541
30 60000.0 75000.0 3600000.0         3.451000213623047
31 60000.0 75000.0 3850000.0 16969146.421537004 17392692.12673787 949134.52640316 947170.0051213275 0.0 394254.35591784003 6510302.620925047 6038030.07645474 4.431999921798706
32 60000.0 75000.0 4100000.0 16959818.11301143 17384871.257576853 939806.2178797977 939351.0099399185 0.0 394252.48192908004 6510302.620925047 6038031.95044362 4.056999921798706
33 60000.0 75000.0 4350000.0 16952176.91653074 17377574.291739617 932165.0213979221 932054.2375652521 0.0 394252.28847492003 6510302.620925047 6038032.143897779 4.125999927520752
34 60000.0 75000.0 4600000.0 16945425.900590185 17370336.481522456 925414.0054574277 924819.4998850767 0.0 394249.215939 6510302.620925047 6038035.216433939 4.246999979019165
35 80000.0 75000.0 3600000.0         4.369999885559082
36 80000.0 75000.0 3850000.0 15741223.323348435 17110517.364935607 949486.2598072272 939416.3439814196 941826.0420503002 2263928.06604108 7738577.452516802 6312451.177122608 4.631999969482422
37 80000.0 75000.0 4100000.0 15733471.267071882 17103155.895668987 941734.0759954536 932052.5520900128 941826.1695869372 2263930.38867084 7738577.324980055 6312448.854491768 4.322000026702881
38 80000.0 75000.0 4350000.0 15726718.89560065 17095862.25620708 934981.70153221 924756.6207776031 941826.1725789371 2263932.6805217997 7738577.321988144 6312446.562639728 4.292999982833862
39 80000.0 75000.0 4600000.0 15720750.116171228 17088626.777881008 929012.9500382608 917520.766160832 941826.14464292 2263933.05680964 7738577.3499241425 6312446.186350448 4.148000001907349
40 20000.0 100000.0 3600000.0 21482203.458161987 21447756.52617589 1121989.8157418314 1108299.1388889821 0.0 0.0 2170100.8736420018 2144094.8107911195 4.017999887466431
41 20000.0 100000.0 3850000.0 21463950.94199573 21432493.884054378 1103737.2995757116 1093036.4967497543 0.0 0.0 2170100.8736420018 2144094.8107911195 4.271999835968018
42 20000.0 100000.0 4100000.0 21447972.913721967 21417807.36610574 1087759.2713015857 1078349.9788043073 0.0 0.0 2170100.8736420018 2144094.8107911195 4.496000051498413
43 20000.0 100000.0 4350000.0 21436628.77318429 21405369.733500272 1076415.1307646465 1065912.346200814 0.0 0.0 2170100.8736420018 2144094.8107911195 4.236999988555908
44 20000.0 100000.0 4600000.0 21427226.10285857 21398436.171636853 1067012.460439848 1058978.7843418114 0.0 0.0 2170100.8736420018 2144094.8107911195 4.199999809265137
45 40000.0 100000.0 3600000.0 19315266.76590242 19311935.224607795 1125153.997125015 1116572.648113429 0.0 0.0 4340201.747283952 4288189.62158088 4.113000154495239
46 40000.0 100000.0 3850000.0 19300154.89143025 19298981.800775785 1110042.1226531807 1103619.2242665912 0.0 0.0 4340201.747283952 4288189.62158088 4.058000087738037
47 40000.0 100000.0 4100000.0 19287724.964605585 19290748.427211598 1097612.1958287887 1095385.8507105426 0.0 0.0 4340201.747283952 4288189.62158088 5.171000003814697
48 40000.0 100000.0 4350000.0 19278637.355411604 19283735.165432163 1088524.5866344268 1088372.588928393 0.0 0.0 4340201.747283952 4288189.62158088 4.746000051498413
49 40000.0 100000.0 4600000.0 19270629.608611904 19277054.68087953 1080516.8398361765 1081692.1043871678 0.0 0.0 4340201.747283952 4288189.62158088 5.370999813079834
50 60000.0 100000.0 3600000.0 17155618.49383658 17185697.244010475 1135606.5987001006 1134429.47829684 0.0 0.0 6510302.620925047 6432284.432372459 5.585999965667725
51 60000.0 100000.0 3850000.0 17143504.47688759 17177598.56468504 1123492.581751462 1126330.7989784237 0.0 0.0 6510302.620925047 6432284.432372459 5.683000087738037
52 60000.0 100000.0 4100000.0 17134626.43407681 17170392.6804302 1114614.5389420006 1119124.9147210824 0.0 0.0 6510302.620925047 6432284.432372459 5.022000074386597
53 60000.0 100000.0 4350000.0 17127532.911499772 17163786.07577444 1107521.0163637474 1112518.3100640601 0.0 0.0 6510302.620925047 6432284.432372459 4.815000057220459
54 60000.0 100000.0 4600000.0 17121275.523652554 17157839.806573913 1101263.6285186391 1106572.040867774 0.0 0.0 6510302.620925047 6432284.432372459 5.565000057220459
55 80000.0 100000.0 3600000.0 15001409.786771208 16092351.470844142 1151498.7652771785 1140245.932145411 0.0 1044932.5837846799 8680403.494567376 7531446.659377089 4.846999883651733
56 80000.0 100000.0 3850000.0 14992282.7283016 16084873.242464457 1142371.7068080865 1132773.1246164409 0.0 1044927.16292868 8680403.494567376 7531452.080233569 4.79800009727478
57 80000.0 100000.0 4100000.0 14986141.75702544 16078272.814303076 1136230.735533337 1126159.188824563 0.0 1044940.67056704 8680403.494567376 7531438.57259551 4.644999980926514
58 80000.0 100000.0 4350000.0 14980793.781224247 16072981.11742821 1130882.759730735 1120873.172350014 0.0 1044934.9901578801 8680403.494567376 7531444.253004489 6.148999929428101
59 80000.0 100000.0 4600000.0 14976076.149722153 16068700.067593284 1126165.1282300528 1116599.4392217973 0.0 1044927.67345668 8680403.494567376 7531451.569704848 5.461000204086304
60 20000.0 125000.0 3600000.0 21645252.15410624 21610026.39499158 1285038.5116842035 1270569.007703959 0.0 0.0 2170100.8736420018 2144094.8107911195 5.164999961853027
61 20000.0 125000.0 3850000.0 21628118.55047409 21595718.072407387 1267904.9080533292 1256260.6851186194 0.0 0.0 2170100.8736420018 2144094.8107911195 5.769000053405762
62 20000.0 125000.0 4100000.0 21613116.885889314 21582083.78431056 1252903.2434693235 1242626.3970236205 0.0 0.0 2170100.8736420018 2144094.8107911195 5.13700008392334
63 20000.0 125000.0 4350000.0 21602190.47179702 21569907.00870174 1241976.829375523 1230449.6214127382 0.0 0.0 2170100.8736420018 2144094.8107911195 5.449000120162964
64 20000.0 125000.0 4600000.0 21593368.88033568 21563367.862473875 1233155.237917473 1223910.475186653 0.0 0.0 2170100.8736420018 2144094.8107911195 6.087000131607056
65 40000.0 125000.0 3600000.0 19477577.76322755 19473337.50657524 1287464.9944486902 1277974.9300817878 0.0 0.0 4340201.747283952 4288189.62158088 9.32200002670288
66 40000.0 125000.0 3850000.0 19463333.478229508 19460592.01198462 1273220.709451259 1265229.4354874429 0.0 0.0 4340201.747283952 4288189.62158088 6.380999803543091
67 40000.0 125000.0 4100000.0 19451396.17202223 19452931.593060967 1261283.4032450996 1257569.0165676065 0.0 0.0 4340201.747283952 4288189.62158088 5.254999876022339
68 40000.0 125000.0 4350000.0 19442805.519379653 19446305.521673087 1252692.7506019594 1250942.9451812305 0.0 0.0 4340201.747283952 4288189.62158088 4.9040000438690186
69 40000.0 125000.0 4600000.0 19435246.57241216 19440099.471249912 1245133.8036364957 1244736.894765286 0.0 0.0 4340201.747283952 4288189.62158088 4.712000131607056
70 60000.0 125000.0 3600000.0 17316829.07884887 17345048.48929618 1296817.183712158 1293780.7235904995 0.0 0.0 6510302.620925047 6432284.432372459 4.25
71 60000.0 125000.0 3850000.0 17305390.454670627 17337516.45645975 1285378.5595352245 1286248.690757117 0.0 0.0 6510302.620925047 6432284.432372459 4.675999879837036
72 60000.0 125000.0 4100000.0 17296797.419704314 17330713.282260884 1276785.5245706246 1279445.5165564606 0.0 0.0 6510302.620925047 6432284.432372459 3.9560000896453857
73 60000.0 125000.0 4350000.0 17290079.490337495 17324575.566592693 1270067.5952026409 1273307.8008948297 0.0 0.0 6510302.620925047 6432284.432372459 4.94599986076355
74 60000.0 125000.0 4600000.0 17284162.134631883 17318711.084212862 1264150.2394989117 1267443.318514541 0.0 0.0 6510302.620925047 6432284.432372459 7.311999797821045
75 80000.0 125000.0 3600000.0 15161112.376311427 15222439.676424926 1311201.3548186587 1315266.721514014 0.0 0.0 8680403.494567376 8576379.243162248 4.126999855041504
76 80000.0 125000.0 3850000.0 15152292.330175426 15215611.006102506 1302381.3086840382 1308438.0511906391 0.0 0.0 8680403.494567376 8576379.243162248 4.019000053405762
77 80000.0 125000.0 4100000.0 15146467.308858687 15211553.287425485 1296556.2873688205 1304380.3325138984 0.0 0.0 8680403.494567376 8576379.243162248 4.75600004196167
78 80000.0 125000.0 4350000.0 15141388.844065187 15207945.903366068 1291477.8225735738 1300772.948457061 0.0 0.0 8680403.494567376 8576379.243162248 4.013000011444092
79 80000.0 125000.0 4600000.0 15136915.274298675 15204659.339670766 1287004.2528094316 1297486.3847624778 0.0 0.0 8680403.494567376 8576379.243162248 4.575999975204468
