 A V P E_backup_full E_backup_repr E_loss_stor_full E_loss_stor_repr E_curt_full E_curt_repr E_sol_full E_sol_repr t_repr
0 20000.0 50000.0 3600000.0         3.5420000553131104
1 20000.0 50000.0 3850000.0         3.624000072479248
2 20000.0 50000.0 4100000.0         3.575000047683716
3 20000.0 50000.0 4350000.0         3.4760000705718994
4 20000.0 50000.0 4600000.0 21045864.16629304  685650.523871684  0.0  2170100.8736420018  3.5289998054504395
5 40000.0 50000.0 3600000.0         4.001000165939331
6 40000.0 50000.0 3850000.0         3.4779999256134033
7 40000.0 50000.0 4100000.0         3.571000099182129
8 40000.0 50000.0 4350000.0 18904174.581249487  714061.8124713358  0.0  4340201.747283952  3.607999801635742
9 40000.0 50000.0 4600000.0 18894459.16627445  704346.3974977705  0.0  4340201.747283952  3.927000045776367
10 60000.0 50000.0 3600000.0         3.552999973297119
11 60000.0 50000.0 3850000.0         3.6510000228881836
12 60000.0 50000.0 4100000.0         3.3420000076293945
13 60000.0 50000.0 4350000.0 17451189.459854893  721044.1051959022  710133.4595233587  5800169.1614015885  3.565999984741211
14 60000.0 50000.0 4600000.0 17442759.778651364  712614.3465061572  710133.5370109888  5800169.083913939  4.414000034332275
15 80000.0 50000.0 3600000.0         3.430999994277954
16 80000.0 50000.0 3850000.0         3.367000102996826
17 80000.0 50000.0 4100000.0         3.430999994277954
18 80000.0 50000.0 4350000.0 16733572.310173215  717035.7942419078  2166625.4944368107  6513778.000131004  3.5769999027252197
19 80000.0 50000.0 4600000.0 16725450.44985847  708913.9320380446  2166625.4963270305  6513777.998240783  4.003000020980835
20 20000.0 75000.0 3600000.0         3.321000099182129
21 20000.0 75000.0 3850000.0         3.63100004196167
22 20000.0 75000.0 4100000.0 21269122.40991693 21117812.721134726 908908.767499099 927072.0091495907 0.0 0.0 2170100.8736420018 2277177.7537537497 3.931999921798706
23 20000.0 75000.0 4350000.0 21257134.063808266 21104331.750502456 896920.4213861672 913591.0385090975 0.0 0.0 2170100.8736420018 2277177.7537537497 3.7960000038146973
24 20000.0 75000.0 4600000.0 21246912.85540672 21096460.703091446 886699.2129859101 905719.9910995892 0.0 0.0 2170100.8736420018 2277177.7537537497 4.052999973297119
25 40000.0 75000.0 3600000.0         3.7819998264312744
26 40000.0 75000.0 3850000.0         4.8459999561309814
27 40000.0 75000.0 4100000.0 19110849.439150207 18861092.340115458 920736.6703734829 947529.3818865588 0.0 0.0 4340201.747283952 4554355.507507499 3.9820001125335693
28 40000.0 75000.0 4350000.0 19101041.782372814 18853296.430204056 910929.0135956508 939733.4719721038 0.0 0.0 4340201.747283952 4554355.507507499 4.019000053405762
29 40000.0 75000.0 4600000.0 19092385.401332512 18845585.36979329 902272.6325566795 932022.4115564147 0.0 0.0 4340201.747283952 4554355.507507499 3.9589998722076416
30 60000.0 75000.0 3600000.0         3.4710001945495605
31 60000.0 75000.0 3850000.0 16969146.421537004  949134.52640316  0.0  6510302.620925047  3.430000066757202
32 60000.0 75000.0 4100000.0 16959818.11301143 17621107.835552186 939806.2178797977 956325.7939115597 0.0 1028396.8371621101 6510302.620925047 5803136.424100166 4.5929999351501465
33 60000.0 75000.0 4350000.0 16952176.91653074 17613369.513973106 932165.0213979221 948595.1191058607 0.0 1028389.1903921089 6510302.620925047 5803144.07086957 4.075000047683716
34 60000.0 75000.0 4600000.0 16945425.900590185 17605708.887760047 925414.0054574277 940932.9617175318 0.0 1028390.72156535 6510302.620925047 5803142.539696861 3.747999906539917
35 80000.0 75000.0 3600000.0         3.2089998722076416
36 80000.0 75000.0 3850000.0 15741223.323348435  949486.2598072272  941826.0420503002  7738577.452516802  3.4570000171661377
37 80000.0 75000.0 4100000.0 15733471.267071882 17097663.567809407 941734.0759954536 952819.1432706012 941826.1695869372 2785636.973821 7738577.324980055 6323074.041195502 4.197000026702881
38 80000.0 75000.0 4350000.0 15726718.89560065 17089934.274540093 934981.70153221 945099.5041696625 941826.1725789371 2785627.3196580405 7738577.321988144 6323083.695360412 3.8480000495910645
39 80000.0 75000.0 4600000.0 15720750.116171228 17082279.93795756 929012.9500382608 937441.6766556064 941826.14464292 2785630.8105921103 7738577.3499241425 6323080.204424274 3.752000093460083
40 20000.0 100000.0 3600000.0 21482203.458161987 21323590.92606629 1121989.8157418314 1132850.214075978 0.0 0.0 2170100.8736420018 2277177.7537537497 3.88100004196167
41 20000.0 100000.0 3850000.0 21463950.94199573 21306691.183886956 1103737.2995757116 1115950.471895433 0.0 0.0 2170100.8736420018 2277177.7537537497 4.365000009536743
42 20000.0 100000.0 4100000.0 21447972.913721967 21293591.22759268 1087759.2713015857 1102850.5155945139 0.0 0.0 2170100.8736420018 2277177.7537537497 3.8989999294281006
43 20000.0 100000.0 4350000.0 21436628.77318429 21280733.29417538 1076415.1307646465 1089992.5821708252 0.0 0.0 2170100.8736420018 2277177.7537537497 4.514999866485596
44 20000.0 100000.0 4600000.0 21427226.10285857 21273419.025108717 1067012.460439848 1082678.3131424827 0.0 0.0 2170100.8736420018 2277177.7537537497 3.7899999618530273
45 40000.0 100000.0 3600000.0 19315266.76590242 19054293.21776865 1125153.997125015 1140730.2595354284 0.0 0.0 4340201.747283952 4554355.507507499 4.443000078201294
46 40000.0 100000.0 3850000.0 19300154.89143025 19041446.980919138 1110042.1226531807 1127884.0226772164 0.0 0.0 4340201.747283952 4554355.507507499 3.8499999046325684
47 40000.0 100000.0 4100000.0 19287724.964605585 19034227.907552093 1097612.1958287887 1120664.9493115926 0.0 0.0 4340201.747283952 4554355.507507499 4.436000108718872
48 40000.0 100000.0 4350000.0 19278637.355411604 19027139.89622261 1088524.5866344268 1113576.9379812295 0.0 0.0 4340201.747283952 4554355.507507499 4.358999967575073
49 40000.0 100000.0 4600000.0 19270629.608611904 19020129.33067989 1080516.8398361765 1106566.3724371772 0.0 0.0 4340201.747283952 4554355.507507499 4.008000135421753
50 60000.0 100000.0 3600000.0 17155618.49383658 16795299.49771825 1135606.5987001006 1158914.2932389432 0.0 0.0 6510302.620925047 6831533.26126264 3.94599986076355
51 60000.0 100000.0 3850000.0 17143504.47688759 16788211.467001755 1123492.581751462 1151826.2625257818 0.0 0.0 6510302.620925047 6831533.26126264 3.7829999923706055
52 60000.0 100000.0 4100000.0 17134626.43407681 16781195.326102935 1114614.5389420006 1144810.1216238027 0.0 0.0 6510302.620925047 6831533.26126264 4.750999927520752
53 60000.0 100000.0 4350000.0 17127532.911499772 16774238.592416067 1107521.0163637474 1137853.387940384 0.0 0.0 6510302.620925047 6831533.26126264 4.0879998207092285
54 60000.0 100000.0 4600000.0 17121275.523652554 16767343.776965301 1101263.6285186391 1130958.5724839596 0.0 0.0 6510302.620925047 6831533.26126264 3.9700000286102295
55 80000.0 100000.0 3600000.0 15001409.786771208 16111451.627102466 1151498.7652771785 1158128.903854967 0.0 1594115.27252796 8680403.494567376 7514595.74248979 3.738999843597412
56 80000.0 100000.0 3850000.0 14992282.7283016 16104389.025205856 1142371.7068080865 1151065.762370424 0.0 1594115.8121171398 8680403.494567376 7514595.202901142 3.7100000381469727
57 80000.0 100000.0 4100000.0 14986141.75702544 16097395.185627136 1136230.735533337 1144095.6624737773 0.0 1594092.07243949 8680403.494567376 7514618.942579014 3.806999921798706
58 80000.0 100000.0 4350000.0 14980793.781224247 16090458.05698361 1130882.759730735 1137134.6046174355 0.0 1594116.00164752 8680403.494567376 7514595.013370269 3.7770001888275146
59 80000.0 100000.0 4600000.0 14976076.149722153 16083943.011578588 1126165.1282300528 1130583.4142416122 0.0 1594152.1466119601 8680403.494567376 7514558.868404399 3.7909998893737793
60 20000.0 125000.0 3600000.0 21645252.15410624 21484689.27881823 1285038.5116842035 1293948.5668398323 0.0 0.0 2170100.8736420018 2277177.7537537497 3.7899999618530273
61 20000.0 125000.0 3850000.0 21628118.55047409 21468512.63937666 1267904.9080533292 1277771.9273961766 0.0 0.0 2170100.8736420018 2277177.7537537497 3.9200000762939453
62 20000.0 125000.0 4100000.0 21613116.885889314 21456349.51106446 1252903.2434693235 1265608.7990855025 0.0 0.0 2170100.8736420018 2277177.7537537497 3.7159998416900635
63 20000.0 125000.0 4350000.0 21602190.47179702 21444398.764153548 1241976.829375523 1253658.052161406 0.0 0.0 2170100.8736420018 2277177.7537537497 3.819999933242798
64 20000.0 125000.0 4600000.0 21593368.88033568 21436955.879013553 1233155.237917473 1246215.1670207058 0.0 0.0 2170100.8736420018 2277177.7537537497 3.863999843597412
65 40000.0 125000.0 3600000.0 19477577.76322755 19214304.800159805 1287464.9944486902 1300741.8419309915 0.0 0.0 4340201.747283952 4554355.507507499 4.001000165939331
66 40000.0 125000.0 3850000.0 19463333.478229508 19202378.036302306 1273220.709451259 1288815.0780721935 0.0 0.0 4340201.747283952 4554355.507507499 4.129999876022339
67 40000.0 125000.0 4100000.0 19451396.17202223 19195038.228579674 1261283.4032450996 1281475.2703470169 0.0 0.0 4340201.747283952 4554355.507507499 4.206000089645386
68 40000.0 125000.0 4350000.0 19442805.519379653 19188452.98933822 1252692.7506019594 1274890.0311049155 0.0 0.0 4340201.747283952 4554355.507507499 3.813999891281128
69 40000.0 125000.0 4600000.0 19435246.57241216 19181939.59129348 1245133.8036364957 1268376.63305267 0.0 0.0 4340201.747283952 4554355.507507499 4.296000003814697
70 60000.0 125000.0 3600000.0 17316829.07884887 16953333.584725317 1296817.183712158 1316948.3802502523 0.0 0.0 6510302.620925047 6831533.26126264 3.680999994277954
71 60000.0 125000.0 3850000.0 17305390.454670627 16946747.67360913 1285378.5595352245 1310362.4691347708 0.0 0.0 6510302.620925047 6831533.26126264 3.6480000019073486
72 60000.0 125000.0 4100000.0 17296797.419704314 16940229.539531235 1276785.5245706246 1303844.3350524884 0.0 0.0 6510302.620925047 6831533.26126264 3.700000047683716
73 60000.0 125000.0 4350000.0 17290079.490337495 16933767.48423268 1270067.5952026409 1297382.279756452 0.0 0.0 6510302.620925047 6831533.26126264 3.7200000286102295
74 60000.0 125000.0 4600000.0 17284162.134631883 16927362.401798707 1264150.2394989117 1290977.1973157835 0.0 0.0 6510302.620925047 6831533.26126264 3.877999782562256
75 80000.0 125000.0 3600000.0 15161112.376311427 15097970.78710252 1311201.3548186587 1333497.0398314686 0.0 405266.29655603 8680403.494567376 8703444.71846146 3.9689998626708984
76 80000.0 125000.0 3850000.0 15152292.330175426 15091506.12568654 1302381.3086840382 1327050.1562673708 0.0 405248.51869814005 8680403.494567376 8703462.496319428 3.674999952316284
77 80000.0 125000.0 4100000.0 15146467.308858687 15085094.419959864 1296556.2873688205 1320630.7540218076 0.0 405256.2152223 8680403.494567376 8703454.79979415 3.7809998989105225
78 80000.0 125000.0 4350000.0 15141388.844065187 15081339.368889304 1291477.8225735738 1316861.303851677 0.0 405270.61431818 8680403.494567376 8703440.400698088 4.015000104904175
79 80000.0 125000.0 4600000.0 15136915.274298675 15078447.394896362 1287004.2528094316 1314009.5929748057 0.0 405230.35120399005 8680403.494567376 8703480.66381389 4.183000087738037
