 A V P E_backup_full E_backup_repr E_loss_stor_full E_loss_stor_repr E_curt_full E_curt_repr E_sol_full E_sol_repr t_repr
0 20000.0 50000.0 3600000.0         4.070000171661377
1 20000.0 50000.0 3850000.0         3.9620001316070557
2 20000.0 50000.0 4100000.0         4.4679999351501465
3 20000.0 50000.0 4350000.0  20943552.518365815  702802.8730671474  0.0  2216465.49171438 4.797999858856201
4 20000.0 50000.0 4600000.0 21045864.16629304 20927268.759872034 685650.523871684 686519.1145698423 0.0 0.0 2170100.8736420018 2216465.49171438 3.796999931335449
5 40000.0 50000.0 3600000.0         3.2749998569488525
6 40000.0 50000.0 3850000.0         3.614000082015991
7 40000.0 50000.0 4100000.0         3.8449997901916504
8 40000.0 50000.0 4350000.0 18904174.581249487 18749104.981920753 714061.8124713358 724820.8283329677 0.0 0.0 4340201.747283952 4432930.98342882 3.947999954223633
9 40000.0 50000.0 4600000.0 18894459.16627445 18736542.567925114 704346.3974977705 712258.4143359165 0.0 0.0 4340201.747283952 4432930.98342882 3.4079999923706055
10 60000.0 50000.0 3600000.0         2.940999984741211
11 60000.0 50000.0 3850000.0         3.187999963760376
12 60000.0 50000.0 4100000.0         3.944000005722046
13 60000.0 50000.0 4350000.0 17451189.459854893 17990600.158594504 721044.1051959022 723544.503557745 710133.4595233587 1459236.9931524002 5800169.1614015885 5190159.481991074 4.013999938964844
14 60000.0 50000.0 4600000.0 17442759.778651364 17979727.157741465 712614.3465061572 712671.080166554 710133.5370109888 1459237.415694 5800169.083913939 5190159.059448922 3.799999952316284
15 80000.0 50000.0 3600000.0         2.9860000610351562
16 80000.0 50000.0 3850000.0         4.424000024795532
17 80000.0 50000.0 4100000.0         3.888000011444092
18 80000.0 50000.0 4350000.0 16733572.310173215 17323388.1312909 717035.7942419078 720817.365595679 2166625.4944368107 3011217.5955263996 6513778.000131004 5854644.371328713 4.11899995803833
19 80000.0 50000.0 4600000.0 16725450.44985847 17314893.98550019 708913.9320380446 712318.837941301 2166625.4963270305 3011221.9773883196 6513777.998240783 5854639.989465761 3.807000160217285
20 20000.0 75000.0 3600000.0         3.7790000438690186
21 20000.0 75000.0 3850000.0         3.5379998683929443
22 20000.0 75000.0 4100000.0 21269122.40991693 21161240.659801826 908908.767499099 920491.0145109193 0.0 0.0 2170100.8736420018 2216465.49171438 3.935999870300293
23 20000.0 75000.0 4350000.0 21257134.063808266 21141537.86371923 896920.4213861672 900788.2184279728 0.0 0.0 2170100.8736420018 2216465.49171438 3.490000009536743
24 20000.0 75000.0 4600000.0 21246912.85540672 21126122.334032904 886699.2129859101 885372.6887452288 0.0 0.0 2170100.8736420018 2216465.49171438 3.749000072479248
25 40000.0 75000.0 3600000.0         3.444000005722046
26 40000.0 75000.0 3850000.0         4.267000198364258
27 40000.0 75000.0 4100000.0 19110849.439150207 18954155.312428202 920736.6703734829 929871.1588537416 0.0 0.0 4340201.747283952 4432930.98342882 4.61299991607666
28 40000.0 75000.0 4350000.0 19101041.782372814 18943079.858265236 910929.0135956508 918795.704696752 0.0 0.0 4340201.747283952 4432930.98342882 3.7719998359680176
29 40000.0 75000.0 4600000.0 19092385.401332512 18932107.154060904 902272.6325566795 907823.0004867525 0.0 0.0 4340201.747283952 4432930.98342882 3.8889999389648438
30 60000.0 75000.0 3600000.0         4.184999942779541
31 60000.0 75000.0 3850000.0 16969146.421537004  949134.52640316  0.0  6510302.620925047  3.745000123977661
32 60000.0 75000.0 4100000.0 16959818.11301143 17034017.181668762 939806.2178797977 948218.1498116994 0.0 277980.3699828 6510302.620925047 6371416.105160591 4.188000202178955
33 60000.0 75000.0 4350000.0 16952176.91653074 17023120.323550902 932165.0213979221 937321.2916957202 0.0 277980.3699828 6510302.620925047 6371416.105160591 4.065000057220459
34 60000.0 75000.0 4600000.0 16945425.900590185 17012873.800959356 925414.0054574277 927074.1746035405 0.0 277980.96448511997 6510302.620925047 6371415.510659038 3.6510000228881836
35 80000.0 75000.0 3600000.0         3.1470000743865967
36 80000.0 75000.0 3850000.0 15741223.323348435 16342212.39838694 949486.2598072272 957257.1792444997 941826.0420503002 1793602.0489774798 7738577.452516802 7072259.917877394 4.104000091552734
37 80000.0 75000.0 4100000.0 15733471.267071882 16331266.141501911 941734.0759954536 946310.9998912802 941826.1695869372 1793601.9714503996 7738577.324980055 7072259.995402746 3.61299991607666
38 80000.0 75000.0 4350000.0 15726718.89560065 16320413.737503901 934981.70153221 935458.1215809908 941826.1725789371 1793602.4457598801 7738577.321988144 7072259.521094046 3.6029999256134033
39 80000.0 75000.0 4600000.0 15720750.116171228 16312224.752476512 929012.9500382608 927267.8105847712 941826.14464292 1793603.7717178802 7738577.3499241425 7072258.195136971 3.817000150680542
40 20000.0 100000.0 3600000.0 21482203.458161987  1121989.8157418314  0.0  2170100.8736420018  3.4509999752044678
41 20000.0 100000.0 3850000.0 21463950.94199573 21355484.862950116 1103737.2995757116 1114735.2176532755 0.0 0.0 2170100.8736420018 2216465.49171438 3.689000129699707
42 20000.0 100000.0 4100000.0 21447972.913721967 21337499.216991127 1087759.2713015857 1096749.5716933124 0.0 0.0 2170100.8736420018 2216465.49171438 3.6549999713897705
43 20000.0 100000.0 4350000.0 21436628.77318429 21319608.87151012 1076415.1307646465 1078859.2262153619 0.0 0.0 2170100.8736420018 2216465.49171438 3.557000160217285
44 20000.0 100000.0 4600000.0 21427226.10285857 21304624.093696732 1067012.460439848 1063874.448399753 0.0 0.0 2170100.8736420018 2216465.49171438 3.5990002155303955
45 40000.0 100000.0 3600000.0 19315266.76590242 19162505.80864464 1125153.997125015 1138221.655063238 0.0 0.0 4340201.747283952 4432930.98342882 3.6050000190734863
46 40000.0 100000.0 3850000.0 19300154.89143025 19144590.42258404 1110042.1226531807 1120306.2690076497 0.0 0.0 4340201.747283952 4432930.98342882 3.615000009536743
47 40000.0 100000.0 4100000.0 19287724.964605585 19128559.69656221 1097612.1958287887 1104275.5429799843 0.0 0.0 4340201.747283952 4432930.98342882 3.438000202178955
48 40000.0 100000.0 4350000.0 19278637.355411604 19118492.89049619 1088524.5866344268 1094208.736920497 0.0 0.0 4340201.747283952 4432930.98342882 3.5139999389648438
49 40000.0 100000.0 4600000.0 19270629.608611904 19108520.76241344 1080516.8398361765 1084236.608840345 0.0 0.0 4340201.747283952 4432930.98342882 3.5840001106262207
50 60000.0 100000.0 3600000.0 17155618.49383658 16952951.31454467 1135606.5987001006 1145132.652665153 0.0 0.0 6510302.620925047 6649396.475143391 3.4830000400543213
51 60000.0 100000.0 3850000.0 17143504.47688759 16942877.911387082 1123492.581751462 1135059.2495093183 0.0 0.0 6510302.620925047 6649396.475143391 3.74399995803833
52 60000.0 100000.0 4100000.0 17134626.43407681 16932911.484585695 1114614.5389420006 1125092.8227035417 0.0 0.0 6510302.620925047 6649396.475143391 3.4149999618530273
53 60000.0 100000.0 4350000.0 17127532.911499772 16923033.5325087 1107521.0163637474 1115214.8706290803 0.0 0.0 6510302.620925047 6649396.475143391 3.5369999408721924
54 60000.0 100000.0 4600000.0 17121275.523652554 16913229.617376756 1101263.6285186391 1105410.9554992213 0.0 0.0 6510302.620925047 6649396.475143391 3.440999984741211
55 80000.0 100000.0 3600000.0 15001409.786771208 15330725.404304795 1151498.7652771785 1157362.3725311297 0.0 582009.8616060001 8680403.494567376 8283852.105247816 3.43500018119812
56 80000.0 100000.0 3850000.0 14992282.7283016 15320805.563779602 1142371.7068080865 1147442.5320094174 0.0 582009.8616060001 8680403.494567376 8283852.105247816 3.441999912261963
57 80000.0 100000.0 4100000.0 14986141.75702544 15310973.92367872 1136230.735533337 1137616.2967156104 0.0 582004.4567976 8680403.494567376 8283857.510056337 3.4639999866485596
58 80000.0 100000.0 4350000.0 14980793.781224247 15302131.206763841 1130882.759730735 1128768.1749943045 0.0 582009.8616060001 8680403.494567376 8283852.105247816 3.4690001010894775
59 80000.0 100000.0 4600000.0 14976076.149722153 15297430.28823772 1126165.1282300528 1124067.2564592757 0.0 582009.8616060001 8680403.494567376 8283852.105247816 3.4539999961853027
60 20000.0 125000.0 3600000.0 21645252.15410624 21534031.080666576 1285038.5116842035 1293281.435343143 0.0 0.0 2170100.8736420018 2216465.49171438 3.434000015258789
61 20000.0 125000.0 3850000.0 21628118.55047409 21517230.91267714 1267904.9080533292 1276481.267357059 0.0 0.0 2170100.8736420018 2216465.49171438 3.5
62 20000.0 125000.0 4100000.0 21613116.885889314 21500538.606605485 1252903.2434693235 1259788.9612829278 0.0 0.0 2170100.8736420018 2216465.49171438 3.455000162124634
63 20000.0 125000.0 4350000.0 21602190.47179702 21483935.742951807 1241976.829375523 1243186.0976352964 0.0 0.0 2170100.8736420018 2216465.49171438 3.4760000705718994
64 20000.0 125000.0 4600000.0 21593368.88033568 21469183.850504946 1233155.237917473 1228434.205188015 0.0 0.0 2170100.8736420018 2216465.49171438 3.4679999351501465
65 40000.0 125000.0 3600000.0 19477577.76322755 19322549.424869362 1287464.9944486902 1298265.2712729299 0.0 0.0 4340201.747283952 4432930.98342882 3.4630000591278076
66 40000.0 125000.0 3850000.0 19463333.478229508 19305922.329798263 1273220.709451259 1281638.1762012802 0.0 0.0 4340201.747283952 4432930.98342882 3.496999979019165
67 40000.0 125000.0 4100000.0 19451396.17202223 19290219.819552757 1261283.4032450996 1265935.6659602185 0.0 0.0 4340201.747283952 4432930.98342882 3.445000171661377
68 40000.0 125000.0 4350000.0 19442805.519379653 19280869.070140194 1252692.7506019594 1256584.9165503304 0.0 0.0 4340201.747283952 4432930.98342882 3.43500018119812
69 40000.0 125000.0 4600000.0 19435246.57241216 19271607.376629815 1245133.8036364957 1247323.2230410988 0.0 0.0 4340201.747283952 4432930.98342882 3.4649999141693115
70 60000.0 125000.0 3600000.0 17316829.07884887 17111748.454748083 1296817.183712158 1303929.7928605233 0.0 0.0 6510302.620925047 6649396.475143391 3.4589998722076416
71 60000.0 125000.0 3850000.0 17305390.454670627 17102248.573559053 1285378.5595352245 1294429.9116724748 0.0 0.0 6510302.620925047 6649396.475143391 3.4619998931884766
72 60000.0 125000.0 4100000.0 17296797.419704314 17092991.12845372 1276785.5245706246 1285172.4665683613 0.0 0.0 6510302.620925047 6649396.475143391 3.433000087738037
73 60000.0 125000.0 4350000.0 17290079.490337495 17083817.00729834 1270067.5952026409 1275998.3454093605 0.0 0.0 6510302.620925047 6649396.475143391 3.4699997901916504
74 60000.0 125000.0 4600000.0 17284162.134631883 17074712.57634023 1264150.2394989117 1266893.914456842 0.0 0.0 6510302.620925047 6649396.475143391 3.434999942779541
75 80000.0 125000.0 3600000.0 15161112.376311427 14914684.520580634 1311201.3548186587 1323331.3504065417 0.0 0.0 8680403.494567376 8865861.966853708 3.6560001373291016
76 80000.0 125000.0 3850000.0 15152292.330175426 14905526.53386266 1302381.3086840382 1314173.3636895837 0.0 0.0 8680403.494567376 8865861.966853708 3.9579999446868896
77 80000.0 125000.0 4100000.0 15146467.308858687 14896444.804468922 1296556.2873688205 1305091.6342956382 0.0 0.0 8680403.494567376 8865861.966853708 3.8480000495910645
78 80000.0 125000.0 4350000.0 15141388.844065187 14890441.21389224 1291477.8225735738 1299088.0437186118 0.0 0.0 8680403.494567376 8865861.966853708 3.684999942779541
79 80000.0 125000.0 4600000.0 15136915.274298675 14885767.88369046 1287004.2528094316 1294414.7135095655 0.0 0.0 8680403.494567376 8865861.966853708 3.742000102996826
