 A VSTC VWat E_backup_full E_backup_repr E_loss_stor_full E_loss_stor_repr E_curt_full E_curt_repr E_sol_full E_sol_repr t_repr t_comp E_demand_full E_demand_repr E_net_loss_full E_net_loss_repr E_net_pump_full E_net_pump_repr
0 25000.0 100000.0 50000.0 177623613.33152348 207615020.778763 157188.83682561733 310319.21237759735 0.0 0.0 8417460.100527173 0.0 11.848290235176933 0.17719486979382282 185106266.02524912 206428209.21011728 777618.5699776676 876492.356291692 704654.6866038169 668656.6519506987
1 25000.0 150000.0 50000.0 177643779.59912643 207656722.00861502 177333.90341117434 351879.24426497496 0.0 0.0 8417460.100527173 0.0 11.718881259139607 0.23799627305186277 185106266.02524912 206428209.21011728 777639.7709944509 876633.5542073363 704648.0256620285 668723.3713541981
2 25000.0 200000.0 50000.0 177661777.61204028 207693915.8662055 195312.72590686567 388947.1655754018 0.0 0.0 8417460.100527173 0.0 11.737840193422073 0.22909754612192046 185106266.02524912 206428209.21011728 777658.9614120562 876759.4904252812 704642.3570390483 668782.8792393915
3 50000.0 100000.0 50000.0 169199360.95951322 207615020.778763 159415.89020122745 310319.21237759735 0.0 0.0 16834920.20105317 0.0 11.835542759619159 0.21689634926832468 185106266.02524912 206428209.21011728 768599.2451171016 876492.356291692 707273.0215485295 668656.6519506987
4 50000.0 150000.0 50000.0 169219194.6735385 207656722.00861502 179230.01572252647 351879.24426497496 0.0 0.0 16834920.20105317 0.0 12.178107643890428 0.27208508527854747 185106266.02524912 206428209.21011728 768618.833622187 876633.5542073363 707266.8347619835 668723.3713541981
5 50000.0 200000.0 50000.0 169236983.79027107 207693915.8662055 197001.24911369965 388947.1655754018 0.0 0.0 16834920.20105317 0.0 11.729041386628921 0.23127135610587857 185106266.02524912 206428209.21011728 768636.7169620342 876759.4904252812 707260.1924721815 668782.8792393915
6 75000.0 100000.0 50000.0 160781625.18459553 207615020.778763 168151.12634189345 310319.21237759735 0.0 0.0 25252380.30158097 0.0 11.790250493218934 0.20942567801648693 185106266.02524912 206428209.21011728 759588.3345871968 876492.356291692 709889.8297407888 668656.6519506987
7 75000.0 150000.0 50000.0 160800299.07552487 207656722.00861502 186809.02366073825 351879.24426497496 0.0 0.0 25252380.30158097 0.0 11.650284261849094 0.20449822951729857 185106266.02524912 206428209.21011728 759604.3281975676 876633.5542073363 709884.2767297893 668723.3713541981
8 75000.0 200000.0 50000.0 160817361.17984015 207693915.8662055 203854.2248390686 388947.1655754018 0.0 0.0 25252380.30158097 0.0 11.73366214594904 0.21818108883775267 185106266.02524912 206428209.21011728 759621.2313344155 876759.4904252812 709878.4704100044 668782.8792393915
9 25000.0 100000.0 75000.0 177638091.05903673 207641352.58277506 171609.24514890206 336547.3779139738 0.0 0.0 8417460.100527173 0.0 11.790887210587186 0.21220338488581092 185106266.02524912 206428209.21011728 777675.8891688349 876595.994798448 692889.393716139 668743.4033770176
10 25000.0 150000.0 75000.0 177658264.99503556 207683053.812627 191761.8886220904 378107.4098013526 0.0 0.0 8417460.100527173 0.0 11.986488536534694 0.22784052162688795 185106266.02524912 206428209.21011728 777697.1816938468 876737.192714129 692883.2477582485 668810.1227805536
11 25000.0 200000.0 75000.0 177676273.44187093 207720247.67018098 209751.21248902354 415175.3311117843 0.0 0.0 8417460.100527173 0.0 11.845189428887124 0.21988337788411627 185106266.02524912 206428209.21011728 777716.3046626729 876863.1289319277 692877.2204404068 668869.6306655647
12 50000.0 100000.0 75000.0 169213904.83274093 207641352.58277506 173900.19848389336 336547.3779139738 0.0 0.0 16834920.20105317 0.0 11.768425601435297 0.217542183437331 185106266.02524912 206428209.21011728 768658.8100675377 876595.994798448 695507.4414064536 668743.4033770176
13 50000.0 150000.0 75000.0 169233754.27849263 207683053.812627 193731.17413082387 378107.4098013526 0.0 0.0 16834920.20105317 0.0 11.850225184979877 0.21529434503077027 185106266.02524912 206428209.21011728 768677.28017163 876737.192714129 695501.9939863778 668810.1227805536
14 50000.0 200000.0 75000.0 169251557.59115106 207720247.67018098 211516.7411178732 415175.3311117843 0.0 0.0 16834920.20105317 0.0 11.858668071869602 0.2113361947932617 185106266.02524912 206428209.21011728 768695.0258427076 876863.1289319277 695496.023674075 668869.6306655647
15 75000.0 100000.0 75000.0 160796206.44905692 207641352.58277506 182671.38382911048 336547.3779139738 0.0 0.0 25252380.30158097 0.0 11.653507597941825 0.22100656774330218 185106266.02524912 206428209.21011728 759649.3415651462 876595.994798448 698124.405016772 668743.4033770176
16 75000.0 150000.0 75000.0 160814906.00904804 207683053.812627 201355.78448145487 378107.4098013526 0.0 0.0 25252380.30158097 0.0 12.313142780040835 0.25803135450132686 185106266.02524912 206428209.21011728 759664.5009024298 876737.192714129 698119.7254003291 668810.1227805536
17 75000.0 200000.0 75000.0 160831985.63596392 207720247.67018098 218419.08888011565 415175.3311117843 0.0 0.0 25252380.30158097 0.0 11.847929209865242 0.2099063157550063 185106266.02524912 206428209.21011728 759680.8234207687 876863.1289319277 698113.7359891079 668869.6306655647
18 25000.0 100000.0 100000.0 177651634.8431981 207664833.73737097 185098.71108567665 359936.11368799367 0.0 0.0 8417460.100527173 0.0 11.850247794645952 0.22876496522860634 185106266.02524912 206428209.21011728 777730.2073931879 876688.413524579 681117.3600432089 668820.7631978465
19 25000.0 150000.0 100000.0 177671813.68144462 207706534.96715003 205257.16857209333 401496.1455753723 0.0 0.0 8417460.100527173 0.0 11.805904769545577 0.20825653948122635 185106266.02524912 206428209.21011728 777750.5881516091 876829.6114403693 681110.9167208313 668887.4826015286
20 25000.0 200000.0 100000.0 177689822.29055333 207743728.82459453 223246.61772145488 438564.06688579597 0.0 0.0 8417460.100527173 0.0 11.862777561000485 0.21772597814151595 185106266.02524912 206428209.21011728 777769.7481116541 876955.5476582048 681105.2821424643 668946.9904864666
21 50000.0 100000.0 100000.0 169227473.64927602 207664833.73737097 187410.9336407044 359936.11368799367 0.0 0.0 16834920.20105317 0.0 11.75220790681908 0.22097228857228401 185106266.02524912 206428209.21011728 768716.8914427268 876688.413524579 683735.7945916558 668820.7631978465
22 50000.0 150000.0 100000.0 169247334.7131076 207706534.96715003 207256.80725858605 401496.1455753723 0.0 0.0 16834920.20105317 0.0 11.848220218146821 0.22950597879798806 185106266.02524912 206428209.21011728 768732.0816575396 876829.6114403693 683730.4974752122 668887.4826015286
23 50000.0 200000.0 100000.0 169265141.14201143 207743728.82459453 225046.0546671052 438564.06688579597 0.0 0.0 16834920.20105317 0.0 11.978638971041391 0.23865560008607645 185106266.02524912 206428209.21011728 768749.263151618 876955.5476582048 683724.7413428414 668946.9904864666
24 75000.0 100000.0 100000.0 160809782.5706509 207664833.73737097 196186.12720327798 359936.11368799367 0.0 0.0 25252380.30158097 0.0 11.730692621590833 0.21885901414566433 185106266.02524912 206428209.21011728 759710.719780762 876688.413524579 686353.3985060883 668820.7631978465
25 75000.0 150000.0 100000.0 160828507.57802215 207706534.96715003 214901.44466163707 401496.1455753723 0.0 0.0 25252380.30158097 0.0 11.98709316276404 0.21512878392809398 185106266.02524912 206428209.21011728 759720.4096942358 876829.6114403693 686348.810852628 668887.4826015286
26 75000.0 200000.0 100000.0 160845593.1389595 207743728.82459453 231971.31305303288 438564.06688579597 0.0 0.0 25252380.30158097 0.0 11.841082857132392 0.2280691709910343 185106266.02524912 206428209.21011728 759736.1022408715 876955.5476582048 686343.0269326578 668946.9904864666
27 25000.0 100000.0 125000.0 177664524.1516183 207686401.3511795 197934.99159240798 381418.84025238204 0.0 0.0 8417460.100527173 0.0 11.747929209864992 0.23245070545794988 185106266.02524912 206428209.21011728 777783.2353063097 876773.3008073854 669343.5789333818 668891.8187646272
28 25000.0 150000.0 125000.0 177684719.31070176 207728102.580922 218111.7641489904 422978.87213975535 0.0 0.0 8417460.100527173 0.0 12.48914845433751 0.29300704911031517 185106266.02524912 206428209.21011728 777801.6218313344 876914.4987230301 669336.9555046454 668958.5381682361
29 25000.0 200000.0 125000.0 177702730.96534 207765296.43854898 236104.334962812 460046.79345019424 0.0 0.0 8417460.100527173 0.0 11.73223591363103 0.20618082627390777 185106266.02524912 206428209.21011728 777820.7056558912 877040.4349409384 669331.3961173743 669018.0460532836
30 50000.0 100000.0 125000.0 169240209.08139518 207686401.3511795 200082.7266183147 381418.84025238204 0.0 0.0 16834920.20105317 0.0 11.869420062067093 0.20466123791561586 185106266.02524912 206428209.21011728 768780.5305831473 876773.3008073854 671969.199975637 668891.8187646272
31 50000.0 150000.0 125000.0 169260261.84411404 207728102.580922 220131.48161107366 422978.87213975535 0.0 0.0 16834920.20105317 0.0 11.792935938064034 0.20342864644680958 185106266.02524912 206428209.21011728 768784.5383103908 876914.4987230301 671956.4950262413 668958.5381682361
32 50000.0 200000.0 125000.0 169278073.74223864 207765296.43854898 237926.67743903855 460046.79345019424 0.0 0.0 16834920.20105317 0.0 11.939422870041767 0.23071596060083266 185106266.02524912 206428209.21011728 768801.2406085123 877040.4349409384 671951.5764427232 669018.0460532836
33 75000.0 100000.0 125000.0 160821889.77112243 207686401.3511795 208200.18109186235 381418.84025238204 0.0 0.0 25252380.30158097 0.0 12.242315448601175 0.21694594466464423 185106266.02524912 206428209.21011728 759803.8663624594 876773.3008073854 674614.0090674534 668891.8187646272
34 75000.0 150000.0 125000.0 160841446.68072373 207728102.580922 227786.44050531343 422978.87213975535 0.0 0.0 25252380.30158097 0.0 12.459688059543737 0.24199927794938958 185106266.02524912 206428209.21011728 759774.5165524199 876914.4987230301 674574.951623316 668958.5381682361
35 75000.0 200000.0 125000.0 160858540.83383778 207765296.43854898 244866.00686434336 460046.79345019424 0.0 0.0 25252380.30158097 0.0 12.430086536673116 0.22284889084994575 185106266.02524912 206428209.21011728 759789.1033073786 877040.4349409384 674570.4997273813 669018.0460532836
