 A VSTC VWat E_backup_full E_backup_repr E_loss_stor_full E_loss_stor_repr E_curt_full E_curt_repr E_sol_full E_sol_repr t_repr t_comp E_demand_full E_demand_repr E_net_loss_full E_net_loss_repr E_net_pump_full E_net_pump_repr
0 25000.0 100000.0 50000.0 177780886.13037246 176847489.6561354 314126.1210610523 306714.3503954452 0.0 936661.007356997 8417460.100527173 7056637.816712989 27.180951000000277 13.002520000000004 185106266.02524912 182716557.28052503 777954.0845917977 880855.8419261259 704943.1493384163 884404.4242087345
1 25000.0 150000.0 50000.0 177822024.84299222 176887401.25983512 355221.1166713247 347791.01190437115 0.0 935578.4380589421 8417460.100527173 7057720.38601188 26.931260000000293 13.157914000000346 185106266.02524912 182716557.28052503 777997.8016027741 880773.3534088575 704930.033955895 884512.4978558061
2 25000.0 200000.0 50000.0 177858724.4924635 176922999.68115327 391881.5186465511 384427.8076853455 0.0 934442.638362653 8417460.100527173 7058856.185708407 26.997623000000203 13.104440000000068 185106266.02524912 182716557.28052503 778037.0490983359 880870.7786477776 704918.5976437158 884609.4860269115
3 50000.0 100000.0 50000.0 169356610.86516148 172366976.60456854 316329.4534056068 306714.41458481253 0.0 4148181.0706366627 16834920.20105317 11838416.5774988 27.89885200000026 13.52824899999996 185106266.02524912 182716557.28052503 768935.5875651038 1182121.4869600877 707561.1476861051 886056.7780515312
4 50000.0 150000.0 50000.0 169397415.796252 172405868.64035633 357092.16890775453 347791.0814054043 0.0 4146973.1105408794 16834920.20105317 11839624.53759688 27.723143000000164 13.54059099999995 185106266.02524912 182716557.28052503 768977.8031531486 1181144.8160189444 707548.523682003 886163.3553773401
5 50000.0 200000.0 50000.0 169433903.80437124 172440557.55018073 393542.39596357185 384427.8855593655 0.0 4144525.0579804014 16834920.20105317 11842072.59015738 27.628388000000086 13.553643999999622 185106266.02524912 182716557.28052503 769015.5842158394 1181644.9742477033 707536.2195365211 886258.8823166926
6 75000.0 100000.0 50000.0 160938814.35104248 169339267.53900594 325004.2430335777 306714.5112080472 0.0 8685640.499168362 25252380.30158097 15294255.973037975 28.090407999999115 13.772084999999606 185106266.02524912 182716557.28052503 759924.384343026 1610251.720316154 710178.084146194 888039.0719992118
7 75000.0 150000.0 50000.0 160978457.55402023 169377462.7732362 364608.68617818353 347791.1809294608 0.0 8681870.678741204 25252380.30158097 15298025.793465607 27.54605900000024 13.464762999999948 185106266.02524912 182716557.28052503 759963.1441780996 1611140.1052419299 710166.0320416642 888145.3086806028
8 75000.0 200000.0 50000.0 161014217.734117 169411530.24614176 400331.9428919632 384427.98002758605 0.0 8689504.15966066 25252380.30158097 15290392.312548038 28.203999999999724 13.81503900000007 185106266.02524912 182716557.28052503 760000.0675596847 1600937.298128327 710154.089932929 888240.5637740693
9 25000.0 100000.0 75000.0 177808637.87110195 176872701.37658495 341768.2925001684 332637.5424154522 0.0 936010.611803918 8417460.100527173 7057288.212265907 28.427727000000232 13.796010000000024 185106266.02524912 182716557.28052503 778063.6538849875 880794.765912212 693253.2431246528 884592.7278517638
10 25000.0 150000.0 75000.0 177849782.3633679 176912612.98117903 382869.01329603826 373714.20838806726 0.0 934793.0387427299 8417460.100527173 7058505.785328006 27.64966699999968 13.521853999999621 185106266.02524912 182716557.28052503 778107.4253568945 880847.2775981501 693240.6104631494 884700.8012560824
11 25000.0 200000.0 75000.0 177886490.05044895 176948211.41014913 419537.522517388 410351.0108169118 0.0 933747.2301722191 8417460.100527173 7059551.593898408 27.578129999999874 13.38216199999988 185106266.02524912 182716557.28052503 778146.6032158645 880854.7127092781 693228.8491728614 884797.7872102801
12 50000.0 100000.0 75000.0 169384426.86238256 172391543.16564697 344033.88458223856 332637.6282183469 0.0 4146692.346085765 16834920.20105317 11839905.30205311 27.17968699999983 13.221266000000469 185106266.02524912 182716557.28052503 769047.1536113103 1182253.5589588347 695871.0878623186 886244.2633850831
13 50000.0 150000.0 75000.0 169425246.4162354 172430435.20146918 384812.12813040963 373714.2850251628 0.0 4145139.3976005395 16834920.20105317 11841458.25053901 27.46362500000032 13.188270000000557 185106266.02524912 182716557.28052503 769088.4639159973 1181621.8864607231 695859.0642173407 886350.8407090409
14 50000.0 200000.0 75000.0 169461748.67053756 172465124.11132133 421276.5829553831 410351.09109715774 0.0 4142192.095190242 16834920.20105317 11844405.55294604 28.168253000000732 13.77244200000041 185106266.02524912 182716557.28052503 769126.2633934676 1182621.2926497012 695847.2192713647 886446.3676486809
15 75000.0 100000.0 75000.0 160966663.46885583 169363393.17579442 352740.30519024783 332637.70926176856 0.0 8684788.19704589 25252380.30158097 15295108.275163285 27.89792099999977 13.464754999999968 185106266.02524912 182716557.28052503 760037.4400034075 1609306.4611722878 698488.0740709079 888226.4214480569
16 75000.0 150000.0 75000.0 161006331.73245904 169401588.4101555 392370.6774649016 373714.36467104795 0.0 8680793.390420008 25252380.30158097 15299103.081785448 28.110491000000366 13.849040000000059 185106266.02524912 182716557.28052503 760075.3313330237 1610419.846746907 698476.865616476 888332.6581308631
17 75000.0 200000.0 75000.0 161042107.9393187 169435655.88302314 428110.5209662863 410351.18118825275 0.0 8677223.66091219 25252380.30158097 15302672.8112954 28.163155999999617 13.791407999999137 185106266.02524912 182716557.28052503 760111.6946909402 1611420.2326036794 698465.1274045606 888427.9132236661
18 25000.0 100000.0 100000.0 177834016.45454293 176895183.70916063 367045.9519551301 355754.3092023619 0.0 935305.384274808 8417460.100527173 7057993.439796038 28.076608999999735 13.79303499999969 185106266.02524912 182716557.28052503 778164.5778722202 880865.5592256669 681548.3631095954 884760.6471663297
19 25000.0 150000.0 100000.0 177875164.82852465 176935095.32134667 408151.4490945685 396830.97898919164 0.0 934087.8067686959 8417460.100527173 7059211.0173018575 28.143785000000207 13.828881000000365 185106266.02524912 182716557.28052503 778207.4547151559 880918.0791253642 681535.3957181425 884868.71838113
20 25000.0 200000.0 100000.0 177911871.9319701 176970693.75034404 444819.3924066721 433467.784808978 0.0 933086.994624576 8417460.100527173 7060211.829446537 28.264720000001034 13.871968000000379 185106266.02524912 182716557.28052503 778246.6148483125 880880.5144570485 681523.9816076696 884965.7043355256
21 50000.0 100000.0 100000.0 169409828.34454858 172413450.19369087 369331.08346124366 355754.39370478987 0.0 4146514.8365165642 16834920.20105317 11840082.811621862 28.194642999999814 13.811107999999876 185106266.02524912 182716557.28052503 769151.436899274 1181221.3310811038 684166.7519274737 886411.4529695621
22 50000.0 150000.0 100000.0 169450659.25965458 172452342.22955287 410123.63903301064 396831.0535250193 0.0 4143858.328564944 16834920.20105317 11842739.319571568 28.09638199999972 13.8361960000002 185106266.02524912 182716557.28052503 769189.79643348 1181693.2150682372 684154.5795548157 886518.0302981021
23 50000.0 200000.0 100000.0 169487163.13095567 172487031.13942283 446590.2765691367 433467.8587767372 0.0 4141721.95381283 16834920.20105317 11844875.694322867 28.05446100000063 13.814693000000261 185106266.02524912 182716557.28052503 769227.030197868 1181881.6944467823 684143.1553259579 886613.557238061
24 75000.0 100000.0 100000.0 160992067.33325464 169384907.01844418 378036.4499771289 355754.48565642326 0.0 8681132.816762991 25252380.30158097 15298763.655443339 28.053296999999475 13.836362000000008 185106266.02524912 182716557.28052503 760145.1596140079 1611358.9077044672 686784.4248019643 888393.4898518558
25 75000.0 150000.0 100000.0 161031760.94812888 169423102.25284156 417697.4119576032 396831.15892397315 0.0 8678077.990767237 25252380.30158097 15301818.48143754 28.03058300000066 13.827117000000726 185106266.02524912 182716557.28052503 760177.8125100153 1611532.2948195687 686773.0864953245 888499.7265392418
26 75000.0 200000.0 100000.0 161067542.69225633 169457169.72574663 453443.26046260295 433467.9528540166 0.0 8675268.285538418 25252380.30158097 15304628.186664669 27.597986999999193 13.497865999999703 185106266.02524912 182716557.28052503 760213.7081317953 1611772.6790330538 686761.4594992349 888594.9816281162
27 25000.0 100000.0 125000.0 177857771.85114497 176915833.90084633 390705.9405972422 376987.22714282374 0.0 934653.9636050779 8417460.100527173 7058644.8604655545 27.495469000000412 13.445255999999972 185106266.02524912 182716557.28052503 778259.9858336837 880934.2536354145 669836.2292277743 884914.882488372
28 25000.0 150000.0 125000.0 177898935.7006397 176955745.51823747 431828.5610332407 418063.89084777044 0.0 933571.392916579 8417460.100527173 7059727.431154359 27.79930300000069 13.38666000000012 185106266.02524912 182716557.28052503 778301.2148929175 880851.7780141516 669823.0201403424 885022.9522281712
29 25000.0 200000.0 125000.0 177935645.05012634 176991343.94727027 468498.8017302647 454700.68880600674 0.0 932525.5889285011 8417460.100527173 7060773.235142468 28.184110999999575 13.713603999999577 185106266.02524912 182716557.28052503 778340.3236832033 880859.2130787063 669811.6595994246 885119.9381805552
30 50000.0 100000.0 125000.0 169433429.61350524 172433571.96860763 392826.77343370725 376987.2971467087 0.0 4144145.53934495 16834920.20105317 11842452.108796349 28.11681899999894 13.838790999999219 185106266.02524912 182716557.28052503 769257.0158836852 1182479.499724218 672461.7862775435 886565.0185766376
31 50000.0 150000.0 125000.0 169474449.5152479 172472464.00458965 433818.89270399854 418063.9651794957 0.0 4142637.577709686 16834920.20105317 11843960.070428917 27.24052500000016 13.300113000000238 185106266.02524912 182716557.28052503 769284.7983569476 1181802.8293150687 672442.3657935557 886671.5958952979
32 50000.0 200000.0 125000.0 169510958.8909759 172507152.91449377 470291.4298557674 454700.7634225953 0.0 4140489.5314729656 16834920.20105317 11846108.116663558 27.11326199999985 13.242264000000432 185106266.02524912 182716557.28052503 769321.6369326756 1182002.987203366 672431.5990318037 886767.1228315128
33 75000.0 100000.0 125000.0 161015040.2286041 169404667.65272152 400874.4072210133 376987.3804880772 0.0 8679949.721325606 25252380.30158097 15299946.750882575 27.119165000000066 13.200262000000293 185106266.02524912 182716557.28052503 760280.0977212881 1611069.7425798788 675106.3585132641 888546.944142948
34 75000.0 150000.0 125000.0 161055558.85450152 169442862.88717318 441398.54542131186 418064.05691239814 0.0 8676804.891844675 25252380.30158097 15303091.58036005 27.185765999999603 13.27855499999987 185106266.02524912 182716557.28052503 760274.585419297 1611333.1300986344 675060.8509355304 888653.1808218752
35 75000.0 200000.0 125000.0 161091349.673632 169476930.36015052 477154.6928135492 454700.86378936894 0.0 8674130.172170825 25252380.30158097 15305766.300031772 27.139204999999492 13.189972999999554 185106266.02524912 182716557.28052503 760309.2571582132 1611438.5158617687 675050.5740982305 888748.4359161388
