 A V P E_backup_full E_backup_repr E_loss_stor_full E_loss_stor_repr E_curt_full E_curt_repr E_sol_full E_sol_repr t_repr
0 20000.0 50000.0 3600000.0         4.4079999923706055
1 20000.0 50000.0 3850000.0         4.724999904632568
2 20000.0 50000.0 4100000.0         5.2820000648498535
3 20000.0 50000.0 4350000.0         5.783999919891357
4 20000.0 50000.0 4600000.0 21045864.16629304 20980451.187030908 685650.523871684 679739.9027768266 0.0 0.0 2170100.8736420018 2115290.66696156 5.25
5 40000.0 50000.0 3600000.0         4.800999879837036
6 40000.0 50000.0 3850000.0         4.929999828338623
7 40000.0 50000.0 4100000.0         4.323999881744385
8 40000.0 50000.0 4350000.0 18904174.581249487  714061.8124713358  0.0  4340201.747283952  4.283999919891357
9 40000.0 50000.0 4600000.0 18894459.16627445 18891684.118472915 704346.3974977705 706263.501179799 0.0 0.0 4340201.747283952 4230581.333923129 4.943000078201294
10 60000.0 50000.0 3600000.0         3.883999824523926
11 60000.0 50000.0 3850000.0         4.33899998664856
12 60000.0 50000.0 4100000.0         5.041000127792358
13 60000.0 50000.0 4350000.0 17451189.459854893  721044.1051959022  710133.4595233587  5800169.1614015885  4.484999895095825
14 60000.0 50000.0 4600000.0 17442759.778651364 17931670.938258592 712614.3465061572 708755.2759176224 710133.5370109888 1152785.712009459 5800169.083913939 5193086.288873858 5.609999895095825
15 80000.0 50000.0 3600000.0         4.140000104904175
16 80000.0 50000.0 3850000.0         4.484999895095825
17 80000.0 50000.0 4100000.0         4.827000141143799
18 80000.0 50000.0 4350000.0 16733572.310173215  717035.7942419078  2166625.4944368107  6513778.000131004  5.599999904632568
19 80000.0 50000.0 4600000.0 16725450.44985847 17517487.88180958 708913.9320380446 705006.2843619228 2166625.4963270305 2857642.3140737 6513777.998240783 5603520.353771289 4.921000003814697
20 20000.0 75000.0 3600000.0         3.9730000495910645
21 20000.0 75000.0 3850000.0         4.394999980926514
22 20000.0 75000.0 4100000.0 21269122.40991693  908908.767499099  0.0  2170100.8736420018  4.406999826431274
23 20000.0 75000.0 4350000.0 21257134.063808266 21191571.628175862 896920.4213861672 890860.3439215998 0.0 0.0 2170100.8736420018 2115290.66696156 4.805999994277954
24 20000.0 75000.0 4600000.0 21246912.85540672 21180416.0483409 886699.2129859101 879704.7640774094 0.0 0.0 2170100.8736420018 2115290.66696156 4.602999925613403
25 40000.0 75000.0 3600000.0         3.934999942779541
26 40000.0 75000.0 3850000.0         4.392999887466431
27 40000.0 75000.0 4100000.0 19110849.439150207  920736.6703734829  0.0  4340201.747283952  4.540999889373779
28 40000.0 75000.0 4350000.0 19101041.782372814 19095219.59465223 910929.0135956508 909798.9773456162 0.0 0.0 4340201.747283952 4230581.333923129 4.7170000076293945
29 40000.0 75000.0 4600000.0 19092385.401332512 19087299.535425905 902272.6325566795 901878.9181213126 0.0 0.0 4340201.747283952 4230581.333923129 4.539999961853027
30 60000.0 75000.0 3600000.0         3.94599986076355
31 60000.0 75000.0 3850000.0 16969146.421537004  949134.52640316  0.0  6510302.620925047  4.375
32 60000.0 75000.0 4100000.0 16959818.11301143  939806.2178797977  0.0  6510302.620925047  4.385999917984009
33 60000.0 75000.0 4350000.0 16952176.91653074 17007115.014874417 932165.0213979221 936985.0645356235 0.0 0.0 6510302.620925047 6345872.00088369 4.784999847412109
34 60000.0 75000.0 4600000.0 16945425.900590185 16999544.49210854 925414.0054574277 929414.5417711856 0.0 0.0 6510302.620925047 6345872.00088369 4.54800009727478
35 80000.0 75000.0 3600000.0         4.007999897003174
36 80000.0 75000.0 3850000.0 15741223.323348435  949486.2598072272  941826.0420503002  7738577.452516802  4.2779998779296875
37 80000.0 75000.0 4100000.0 15733471.267071882  941734.0759954536  941826.1695869372  7738577.324980055  4.4679999351501465
38 80000.0 75000.0 4350000.0 15726718.89560065 16512575.017997574 934981.70153221 928785.7076767454 941826.1725789371 1628950.0269451968 7738577.321988144 6832212.640899138 4.766999959945679
39 80000.0 75000.0 4600000.0 15720750.116171228 16505027.253797812 929012.9500382608 921229.3923311891 941826.14464292 1628958.5780869168 7738577.3499241425 6832204.089757572 4.557999849319458
40 20000.0 100000.0 3600000.0 21482203.458161987  1121989.8157418314  0.0  2170100.8736420018  3.9590001106262207
41 20000.0 100000.0 3850000.0 21463950.94199573 21396961.557553336 1103737.2995757116 1096250.2733075765 0.0 0.0 2170100.8736420018 2115290.66696156 4.852999925613403
42 20000.0 100000.0 4100000.0 21447972.913721967 21381879.353784487 1087759.2713015857 1081168.0695450478 0.0 0.0 2170100.8736420018 2115290.66696156 4.690999984741211
43 20000.0 100000.0 4350000.0 21436628.77318429 21370173.90586499 1076415.1307646465 1069462.6216322724 0.0 0.0 2170100.8736420018 2115290.66696156 4.636000156402588
44 20000.0 100000.0 4600000.0 21427226.10285857 21359667.246240098 1067012.460439848 1058955.962005915 0.0 0.0 2170100.8736420018 2115290.66696156 4.680999994277954
45 40000.0 100000.0 3600000.0 19315266.76590242  1125153.997125015  0.0  4340201.747283952  4.070000171661377
46 40000.0 100000.0 3850000.0 19300154.89143025 19292930.659876317 1110042.1226531807 1107510.0425762297 0.0 0.0 4340201.747283952 4230581.333923129 5.08899998664856
47 40000.0 100000.0 4100000.0 19287724.964605585 19281451.41495213 1097612.1958287887 1096030.7976539314 0.0 0.0 4340201.747283952 4230581.333923129 4.574000120162964
48 40000.0 100000.0 4350000.0 19278637.355411604 19270943.298498545 1088524.5866344268 1085522.6812033174 0.0 0.0 4340201.747283952 4230581.333923129 4.751000165939331
49 40000.0 100000.0 4600000.0 19270629.608611904 19263725.37930241 1080516.8398361765 1078304.7620079573 0.0 0.0 4340201.747283952 4230581.333923129 4.590000152587891
50 60000.0 100000.0 3600000.0 17155618.49383658  1135606.5987001006  0.0  6510302.620925047  4.103999853134155
51 60000.0 100000.0 3850000.0 17143504.47688759 17194570.155279197 1123492.581751462 1124440.204941705 0.0 0.0 6510302.620925047 6345872.00088369 4.869999885559082
52 60000.0 100000.0 4100000.0 17134626.43407681 17187338.794298586 1114614.5389420006 1117208.8439638182 0.0 0.0 6510302.620925047 6345872.00088369 4.58899998664856
53 60000.0 100000.0 4350000.0 17127532.911499772 17180288.059496045 1107521.0163637474 1110158.1091638512 0.0 0.0 6510302.620925047 6345872.00088369 4.586999893188477
54 60000.0 100000.0 4600000.0 17121275.523652554 17173388.70748224 1101263.6285186391 1103258.757150788 0.0 0.0 6510302.620925047 6345872.00088369 4.533999919891357
55 80000.0 100000.0 3600000.0 15001409.786771208  1151498.7652771785  0.0  8680403.494567376  4.077000141143799
56 80000.0 100000.0 3850000.0 14992282.7283016 15497842.382397346 1142371.7068080865 1141095.3853188816 0.0 401907.71370288 8680403.494567376 8059254.954142368 4.864000082015991
57 80000.0 100000.0 4100000.0 14986141.75702544 15490889.61928111 1136230.735533337 1134142.8350946766 0.0 401907.50081383 8680403.494567376 8059255.167030868 4.618000030517578
58 80000.0 100000.0 4350000.0 14980793.781224247 15484085.268251216 1130882.759730735 1127339.50406498 0.0 401906.48081518 8680403.494567376 8059256.187029629 4.656000137329102
59 80000.0 100000.0 4600000.0 14976076.149722153 15477405.378837181 1126165.1282300528 1120655.6904393758 0.0 401910.40502514 8680403.494567376 8059252.2628194485 4.573000192642212
60 20000.0 125000.0 3600000.0 21645252.15410624 21576316.937595114 1285038.5116842035 1275605.6533693417 0.0 0.0 2170100.8736420018 2115290.66696156 4.5329999923706055
61 20000.0 125000.0 3850000.0 21628118.55047409 21560180.09663788 1267904.9080533292 1259468.8124159807 0.0 0.0 2170100.8736420018 2115290.66696156 4.607999801635742
62 20000.0 125000.0 4100000.0 21613116.885889314 21545780.99963914 1252903.2434693235 1245069.715400227 0.0 0.0 2170100.8736420018 2115290.66696156 4.565999984741211
63 20000.0 125000.0 4350000.0 21602190.47179702 21534893.179852452 1241976.829375523 1234181.8956096373 0.0 0.0 2170100.8736420018 2115290.66696156 4.667999982833862
64 20000.0 125000.0 4600000.0 21593368.88033568 21524820.32673667 1233155.237917473 1224109.042487977 0.0 0.0 2170100.8736420018 2115290.66696156 5.441999912261963
65 40000.0 125000.0 3600000.0 19477577.76322755 19466594.636298303 1287464.9944486902 1281174.0190000744 0.0 0.0 4340201.747283952 4230581.333923129 6.069000005722046
66 40000.0 125000.0 3850000.0 19463333.478229508 19454488.692941293 1273220.709451259 1269068.0756463867 0.0 0.0 4340201.747283952 4230581.333923129 4.586999893188477
67 40000.0 125000.0 4100000.0 19451396.17202223 19443792.96031772 1261283.4032450996 1258372.3430197055 0.0 0.0 4340201.747283952 4230581.333923129 4.746999979019165
68 40000.0 125000.0 4350000.0 19442805.519379653 19433499.445664905 1252692.7506019594 1248078.8283634784 0.0 0.0 4340201.747283952 4230581.333923129 4.647000074386597
69 40000.0 125000.0 4600000.0 19435246.57241216 19426778.60540422 1245133.8036364957 1241357.9881043667 0.0 0.0 4340201.747283952 4230581.333923129 4.538000106811523
70 60000.0 125000.0 3600000.0 17316829.07884887 17364904.604095504 1296817.183712158 1294774.6537645867 0.0 0.0 6510302.620925047 6345872.00088369 4.51200008392334
71 60000.0 125000.0 3850000.0 17305390.454670627 17354446.641385145 1285378.5595352245 1284316.6910579174 0.0 0.0 6510302.620925047 6345872.00088369 4.463000059127808
72 60000.0 125000.0 4100000.0 17296797.419704314 17347585.37822179 1276785.5245706246 1277455.427894287 0.0 0.0 6510302.620925047 6345872.00088369 4.648999929428101
73 60000.0 125000.0 4350000.0 17290079.490337495 17341019.362296626 1270067.5952026409 1270889.4119639522 0.0 0.0 6510302.620925047 6345872.00088369 4.494999885559082
74 60000.0 125000.0 4600000.0 17284162.134631883 17334596.903449286 1264150.2394989117 1264466.9531159964 0.0 0.0 6510302.620925047 6345872.00088369 4.977999925613403
75 80000.0 125000.0 3600000.0 15161112.376311427 15268518.6537182 1311201.3548186587 1313679.370346991 0.0 0.0 8680403.494567376 8461162.66784472 4.9049999713897705
76 80000.0 125000.0 3850000.0 15152292.330175426 15261935.523052879 1302381.3086840382 1307096.2396840362 0.0 0.0 8680403.494567376 8461162.66784472 4.533999919891357
77 80000.0 125000.0 4100000.0 15146467.308858687 15255532.767427616 1296556.2873688205 1300693.484063048 0.0 0.0 8680403.494567376 8461162.66784472 4.417999982833862
78 80000.0 125000.0 4350000.0 15141388.844065187 15249262.129223658 1291477.8225735738 1294422.8458526188 0.0 0.0 8680403.494567376 8461162.66784472 4.462000131607056
79 80000.0 125000.0 4600000.0 15136915.274298675 15243102.764426501 1287004.2528094316 1288263.481054387 0.0 0.0 8680403.494567376 8461162.66784472 4.502000093460083
