 A V P E_backup_full E_backup_repr E_loss_stor_full E_loss_stor_repr E_curt_full E_curt_repr E_sol_full E_sol_repr t_repr
0 20000.0 50000.0 3600000.0         4.25
1 20000.0 50000.0 3850000.0         4.57099986076355
2 20000.0 50000.0 4100000.0         4.710000038146973
3 20000.0 50000.0 4350000.0         4.608999967575073
4 20000.0 50000.0 4600000.0 21045864.16629304 20908305.266491815 685650.523871684 690551.1736210088 0.0 0.0 2170100.8736420018 2226429.4464110597 5.391999959945679
5 40000.0 50000.0 3600000.0         4.305000066757202
6 40000.0 50000.0 3850000.0         4.68999981880188
7 40000.0 50000.0 4100000.0         4.950000047683716
8 40000.0 50000.0 4350000.0 18904174.581249487  714061.8124713358  0.0  4340201.747283952  4.66700005531311
9 40000.0 50000.0 4600000.0 18894459.16627445 18696791.36451116 704346.3974977705 705466.7180499323 0.0 0.0 4340201.747283952 4452858.892822679 5.395999908447266
10 60000.0 50000.0 3600000.0         4.324000120162964
11 60000.0 50000.0 3850000.0         4.765000104904175
12 60000.0 50000.0 4100000.0         4.851000070571899
13 60000.0 50000.0 4350000.0 17451189.459854893  721044.1051959022  710133.4595233587  5800169.1614015885  4.555000066757202
14 60000.0 50000.0 4600000.0 17442759.778651364 16754559.263801921 712614.3465061572 727005.2406484489 710133.5370109888 262658.82309744 5800169.083913939 6416629.516134424 5.3450000286102295
15 80000.0 50000.0 3600000.0         4.236000061035156
16 80000.0 50000.0 3850000.0         4.788000106811523
17 80000.0 50000.0 4100000.0         4.8459999561309814
18 80000.0 50000.0 4350000.0 16733572.310173215 16117122.804168565 717035.7942419078 726054.2364963114 2166625.4944368107 1852602.81402088 6513778.000131004 7053114.971621196 5.175999879837036
19 80000.0 50000.0 4600000.0 16725450.44985847 16108658.180268722 708913.9320380446 717598.685874345 2166625.4963270305 1852593.74074736 6513777.998240783 7053124.04489558 5.004000186920166
20 20000.0 75000.0 3600000.0         4.355000019073486
21 20000.0 75000.0 3850000.0         4.802999973297119
22 20000.0 75000.0 4100000.0 21269122.40991693 21135365.92888496 908908.767499099 917611.8360037111 0.0 0.0 2170100.8736420018 2226429.4464110597 5.361000061035156
23 20000.0 75000.0 4350000.0 21257134.063808266 21119215.65696192 896920.4213861672 901461.5640727925 0.0 0.0 2170100.8736420018 2226429.4464110597 5.007999897003174
24 20000.0 75000.0 4600000.0 21246912.85540672 21107446.77538285 886699.2129859101 889692.6824980127 0.0 0.0 2170100.8736420018 2226429.4464110597 5.079999923706055
25 40000.0 75000.0 3600000.0         4.4039998054504395
26 40000.0 75000.0 3850000.0         4.783999919891357
27 40000.0 75000.0 4100000.0 19110849.439150207 18914324.698568683 920736.6703734829 923000.0520977539 0.0 0.0 4340201.747283952 4452858.892822679 5.497999906539917
28 40000.0 75000.0 4350000.0 19101041.782372814 18902493.275014676 910929.0135956508 911168.6285432936 0.0 0.0 4340201.747283952 4452858.892822679 6.296000003814697
29 40000.0 75000.0 4600000.0 19092385.401332512 18893041.630079806 902272.6325566795 901716.9836081355 0.0 0.0 4340201.747283952 4452858.892822679 5.256999969482422
30 60000.0 75000.0 3600000.0         4.5
31 60000.0 75000.0 3850000.0 16969146.421537004  949134.52640316  0.0  6510302.620925047  4.824000120162964
32 60000.0 75000.0 4100000.0 16959818.11301143 16705864.996582584 939806.2178797977 940969.7965270539 0.0 0.0 6510302.620925047 6679288.33923156 5.319000005722046
33 60000.0 75000.0 4350000.0 16952176.91653074 16698276.290948575 932165.0213979221 933381.0908929284 0.0 0.0 6510302.620925047 6679288.33923156 4.9730000495910645
34 60000.0 75000.0 4600000.0 16945425.900590185 16690866.96625279 925414.0054574277 925971.7661991175 0.0 0.0 6510302.620925047 6679288.33923156 4.990999937057495
35 80000.0 75000.0 3600000.0         4.54800009727478
36 80000.0 75000.0 3850000.0 15741223.323348435  949486.2598072272  941826.0420503002  7738577.452516802  4.772000074386597
37 80000.0 75000.0 4100000.0 15733471.267071882 15102379.498198228 941734.0759954536 952591.6078112391 941826.1695869372 611322.1367439999 7738577.324980055 8294395.648898404 5.291999816894531
38 80000.0 75000.0 4350000.0 15726718.89560065 15095054.780733068 934981.70153221 945260.7805612577 941826.1725789371 611328.24652856 7738577.321988144 8294389.5391145 5.41700005531311
39 80000.0 75000.0 4600000.0 15720750.116171228 15087871.472211868 929012.9500382608 938079.4961433446 941826.14464292 611326.2224272799 7738577.3499241425 8294391.563215764 5.290999889373779
40 20000.0 100000.0 3600000.0 21482203.458161987 21344624.534866028 1121989.8157418314 1126870.4419837988 0.0 0.0 2170100.8736420018 2226429.4464110597 5.101999998092651
41 20000.0 100000.0 3850000.0 21463950.94199573 21328253.73293378 1103737.2995757116 1110499.6400502091 0.0 0.0 2170100.8736420018 2226429.4464110597 4.980000019073486
42 20000.0 100000.0 4100000.0 21447972.913721967 21312144.609996002 1087759.2713015857 1094390.5171214186 0.0 0.0 2170100.8736420018 2226429.4464110597 5.0980000495910645
43 20000.0 100000.0 4350000.0 21436628.77318429 21296996.131928552 1076415.1307646465 1079242.0390449057 0.0 0.0 2170100.8736420018 2226429.4464110597 4.999000072479248
44 20000.0 100000.0 4600000.0 21427226.10285857 21286259.61911396 1067012.460439848 1068505.5262368056 0.0 0.0 2170100.8736420018 2226429.4464110597 5.026000022888184
45 40000.0 100000.0 3600000.0 19315266.76590242 19121836.100157425 1125153.997125015 1130511.4536858324 0.0 0.0 4340201.747283952 4452858.892822679 4.926999807357788
46 40000.0 100000.0 3850000.0 19300154.89143025 19105808.771845285 1110042.1226531807 1114484.1253718096 0.0 0.0 4340201.747283952 4452858.892822679 5.01200008392334
47 40000.0 100000.0 4100000.0 19287724.964605585 19089980.23728272 1097612.1958287887 1098655.5908101134 0.0 0.0 4340201.747283952 4452858.892822679 4.914999961853027
48 40000.0 100000.0 4350000.0 19278637.355411604 19079011.92786304 1088524.5866344268 1087687.2813900423 0.0 0.0 4340201.747283952 4452858.892822679 4.997999906539917
49 40000.0 100000.0 4600000.0 19270629.608611904 19069935.47048506 1080516.8398361765 1078610.8240133014 0.0 0.0 4340201.747283952 4452858.892822679 5.0269999504089355
50 60000.0 100000.0 3600000.0 17155618.49383658 16900238.379586272 1135606.5987001006 1135343.1795280264 0.0 0.0 6510302.620925047 6679288.33923156 4.914000034332275
51 60000.0 100000.0 3850000.0 17143504.47688759 16888247.09068574 1123492.581751462 1123351.890626915 0.0 0.0 6510302.620925047 6679288.33923156 4.924999952316284
52 60000.0 100000.0 4100000.0 17134626.43407681 16879166.41028102 1114614.5389420006 1114271.2102227078 0.0 0.0 6510302.620925047 6679288.33923156 5.216000080108643
53 60000.0 100000.0 4350000.0 17127532.911499772 16872250.260615412 1107521.0163637474 1107355.0605570006 0.0 0.0 6510302.620925047 6679288.33923156 5.184999942779541
54 60000.0 100000.0 4600000.0 17121275.523652554 16865498.30238692 1101263.6285186391 1100603.102325603 0.0 0.0 6510302.620925047 6679288.33923156 5.230000019073486
55 80000.0 100000.0 3600000.0 15001409.786771208 14688433.003642496 1151498.7652771785 1149967.2499938684 0.0 0.0 8680403.494567376 8905717.785643542 5.1540000438690186
56 80000.0 100000.0 3850000.0 14992282.7283016 14681535.432022007 1142371.7068080865 1143069.6783743137 0.0 0.0 8680403.494567376 8905717.785643542 5.135999917984009
57 80000.0 100000.0 4100000.0 14986141.75702544 14674826.786439983 1136230.735533337 1136361.0327930471 0.0 0.0 8680403.494567376 8905717.785643542 5.241000175476074
58 80000.0 100000.0 4350000.0 14980793.781224247 14668262.267165327 1130882.759730735 1129796.5135181423 0.0 0.0 8680403.494567376 8905717.785643542 6.347999811172485
59 80000.0 100000.0 4600000.0 14976076.149722153 14661816.69070995 1126165.1282300528 1123350.9370624041 0.0 0.0 8680403.494567376 8905717.785643542 7.396000146865845
60 20000.0 125000.0 3600000.0 21645252.15410624 21505793.915121883 1285038.5116842035 1288039.8222274939 0.0 0.0 2170100.8736420018 2226429.4464110597 6.857000112533569
61 20000.0 125000.0 3850000.0 21628118.55047409 21490604.610766217 1267904.9080533292 1272850.5178814624 0.0 0.0 2170100.8736420018 2226429.4464110597 8.111999988555908
62 20000.0 125000.0 4100000.0 21613116.885889314 21475660.37969365 1252903.2434693235 1257906.286808214 0.0 0.0 2170100.8736420018 2226429.4464110597 7.348999977111816
63 20000.0 125000.0 4350000.0 21602190.47179702 21461206.32846111 1241976.829375523 1243452.2355669802 0.0 0.0 2170100.8736420018 2226429.4464110597 6.9029998779296875
64 20000.0 125000.0 4600000.0 21593368.88033568 21451196.839272268 1233155.237917473 1233442.7463801443 0.0 0.0 2170100.8736420018 2226429.4464110597 6.148999929428101
65 40000.0 125000.0 3600000.0 19477577.76322755 19282611.054583117 1287464.9944486902 1291286.4081036402 0.0 0.0 4340201.747283952 4452858.892822679 6.8440001010894775
66 40000.0 125000.0 3850000.0 19463333.478229508 19267721.321513943 1273220.709451259 1276396.6750344904 0.0 0.0 4340201.747283952 4452858.892822679 6.004000186920166
67 40000.0 125000.0 4100000.0 19451396.17202223 19253018.803926375 1261283.4032450996 1261694.1574463223 0.0 0.0 4340201.747283952 4452858.892822679 5.244000196456909
68 40000.0 125000.0 4350000.0 19442805.519379653 19242231.099948015 1252692.7506019594 1250906.4534689668 0.0 0.0 4340201.747283952 4452858.892822679 5.273999929428101
69 40000.0 125000.0 4600000.0 19435246.57241216 19233393.842577368 1245133.8036364957 1242069.1960981612 0.0 0.0 4340201.747283952 4452858.892822679 5.670000076293945
70 60000.0 125000.0 3600000.0 17316829.07884887 17060632.66894146 1296817.183712158 1295737.468874722 0.0 0.0 6510302.620925047 6679288.33923156 5.171000003814697
71 60000.0 125000.0 3850000.0 17305390.454670627 17048911.93822831 1285378.5595352245 1284016.7381616468 0.0 0.0 6510302.620925047 6679288.33923156 5.020000219345093
72 60000.0 125000.0 4100000.0 17296797.419704314 17040047.707756914 1276785.5245706246 1275152.5076910912 0.0 0.0 6510302.620925047 6679288.33923156 5.5899999141693115
73 60000.0 125000.0 4350000.0 17290079.490337495 17033607.598468963 1270067.5952026409 1268712.3984056758 0.0 0.0 6510302.620925047 6679288.33923156 5.259000062942505
74 60000.0 125000.0 4600000.0 17284162.134631883 17027321.098782785 1264150.2394989117 1262425.8987171187 0.0 0.0 6510302.620925047 6679288.33923156 6.009999990463257
75 80000.0 125000.0 3600000.0 15161112.376311427 14846757.856368411 1311201.3548186587 1308292.1027169726 0.0 0.0 8680403.494567376 8905717.785643542 5.505000114440918
76 80000.0 125000.0 3850000.0 15152292.330175426 14840331.055349313 1302381.3086840382 1301865.3016946441 0.0 0.0 8680403.494567376 8905717.785643542 5.2179999351501465
77 80000.0 125000.0 4100000.0 15146467.308858687 14834083.93674748 1296556.2873688205 1295618.1830972468 0.0 0.0 8680403.494567376 8905717.785643542 5.373000144958496
78 80000.0 125000.0 4350000.0 15141388.844065187 14827973.518444613 1291477.8225735738 1289507.7647935322 0.0 0.0 8680403.494567376 8905717.785643542 5.496999979019165
79 80000.0 125000.0 4600000.0 15136915.274298675 14821975.544956531 1287004.2528094316 1283509.7913060344 0.0 0.0 8680403.494567376 8905717.785643542 5.090000152587891
