 A V P E_backup_full E_backup_repr E_loss_stor_full E_loss_stor_repr E_curt_full E_curt_repr E_sol_full E_sol_repr t_repr
0 20000.0 50000.0 3600000.0         3.950000047683716
1 20000.0 50000.0 3850000.0         3.7199997901916504
2 20000.0 50000.0 4100000.0         3.944000005722046
3 20000.0 50000.0 4350000.0         4.295000076293945
4 20000.0 50000.0 4600000.0 21045864.16629304 20831756.06745034 685650.523871684 682344.6253499596 0.0 0.0 2170100.8736420018 2159637.74803156 4.671000003814697
5 40000.0 50000.0 3600000.0         3.4689998626708984
6 40000.0 50000.0 3850000.0         3.5369999408721924
7 40000.0 50000.0 4100000.0         3.5420000553131104
8 40000.0 50000.0 4350000.0 18904174.581249487  714061.8124713358  0.0  4340201.747283952  3.556999921798706
9 40000.0 50000.0 4600000.0 18894459.16627445 18686231.43710725 704346.3974977705 696457.7430266882 0.0 0.0 4340201.747283952 4319275.49606104 4.043999910354614
10 60000.0 50000.0 3600000.0         3.4059998989105225
11 60000.0 50000.0 3850000.0         3.5290000438690186
12 60000.0 50000.0 4100000.0         3.381999969482422
13 60000.0 50000.0 4350000.0 17451189.459854893 16572229.46189217 721044.1051959022 742093.5158409057 710133.4595233587 0.0 5800169.1614015885 6478913.244093761 3.9619998931884766
14 60000.0 50000.0 4600000.0 17442759.778651364 16547682.025542138 712614.3465061572 717546.0794880879 710133.5370109888 0.0 5800169.083913939 6478913.244093761 3.6610000133514404
15 80000.0 50000.0 3600000.0         3.2929999828338623
16 80000.0 50000.0 3850000.0         3.827000141143799
17 80000.0 50000.0 4100000.0         3.4040000438690186
18 80000.0 50000.0 4350000.0 16733572.310173215 15595371.154298617 717035.7942419078 735553.1580726437 2166625.4944368107 1189319.7982039598 6513778.000131004 7449231.19392057 3.869999885559082
19 80000.0 50000.0 4600000.0 16725450.44985847 15585440.881559486 708913.9320380446 725621.0761819821 2166625.4963270305 1189321.6073533 6513777.998240783 7449229.3847697 3.671999931335449
20 20000.0 75000.0 3600000.0         3.4100000858306885
21 20000.0 75000.0 3850000.0         3.812000036239624
22 20000.0 75000.0 4100000.0 21269122.40991693 21055442.98521919 908908.767499099 906031.5430975072 0.0 0.0 2170100.8736420018 2159637.74803156 4.065000057220459
23 20000.0 75000.0 4350000.0 21257134.063808266 21039894.62498058 896920.4213861672 890483.1828644285 0.0 0.0 2170100.8736420018 2159637.74803156 4.884000062942505
24 20000.0 75000.0 4600000.0 21246912.85540672 21031490.183102664 886699.2129859101 882078.7410013223 0.0 0.0 2170100.8736420018 2159637.74803156 4.374000072479248
25 40000.0 75000.0 3600000.0         3.8390002250671387
26 40000.0 75000.0 3850000.0         4.799000024795532
27 40000.0 75000.0 4100000.0 19110849.439150207 18903388.857949156 920736.6703734829 913615.1638650314 0.0 0.0 4340201.747283952 4319275.49606104 4.421999931335449
28 40000.0 75000.0 4350000.0 19101041.782372814 18892248.48546146 910929.0135956508 902474.7913794811 0.0 0.0 4340201.747283952 4319275.49606104 4.1600000858306885
29 40000.0 75000.0 4600000.0 19092385.401332512 18883338.90520833 902272.6325566795 893565.2111225515 0.0 0.0 4340201.747283952 4319275.49606104 4.13700008392334
30 60000.0 75000.0 3600000.0         3.7049999237060547
31 60000.0 75000.0 3850000.0 16969146.421537004 16801955.18683639 949134.52640316 971819.2407791482 0.0 0.0 6510302.620925047 6478913.244093761 4.371999979019165
32 60000.0 75000.0 4100000.0 16959818.11301143 16759775.74536214 939806.2178797977 929639.7993068531 0.0 0.0 6510302.620925047 6478913.244093761 4.858000040054321
33 60000.0 75000.0 4350000.0 16952176.91653074 16750876.611632118 932165.0213979221 920740.6655797403 0.0 0.0 6510302.620925047 6478913.244093761 4.145000219345093
34 60000.0 75000.0 4600000.0 16945425.900590185 16742107.5256914 925414.0054574277 911971.5796370609 0.0 0.0 6510302.620925047 6478913.244093761 4.305999994277954
35 80000.0 75000.0 3600000.0         5.050999879837036
36 80000.0 75000.0 3850000.0 15741223.323348435 14931184.164794652 949486.2598072272 977960.8622993032 941826.0420503002 282725.104476 7738577.452516802 8355825.88764811 5.338000059127808
37 80000.0 75000.0 4100000.0 15733471.267071882 14638171.63791956 941734.0759954536 967673.4399006281 941826.1695869372 0.0 7738577.324980055 8638550.99212391 4.652000188827515
38 80000.0 75000.0 4350000.0 15726718.89560065 14629519.343436921 934981.70153221 959021.1454187155 941826.1725789371 0.0 7738577.321988144 8638550.99212391 5.438999891281128
39 80000.0 75000.0 4600000.0 15720750.116171228 14620970.262426741 929012.9500382608 950472.0644092374 941826.14464292 0.0 7738577.3499241425 8638550.99212391 4.677000045776367
40 20000.0 100000.0 3600000.0 21482203.458161987 21275578.16620944 1121989.8157418314 1126166.724092263 0.0 0.0 2170100.8736420018 2159637.74803156 6.266000032424927
41 20000.0 100000.0 3850000.0 21463950.94199573 21249481.9795721 1103737.2995757116 1100070.5374482803 0.0 0.0 2170100.8736420018 2159637.74803156 4.7209999561309814
42 20000.0 100000.0 4100000.0 21447972.913721967 21233103.769278135 1087759.2713015857 1083692.3271556774 0.0 0.0 2170100.8736420018 2159637.74803156 4.422000169754028
43 20000.0 100000.0 4350000.0 21436628.77318429 21218295.61567734 1076415.1307646465 1068884.1735626776 0.0 0.0 2170100.8736420018 2159637.74803156 4.812000036239624
44 20000.0 100000.0 4600000.0 21427226.10285857 21210637.342271425 1067012.460439848 1061225.9001622633 0.0 0.0 2170100.8736420018 2159637.74803156 4.804999828338623
45 40000.0 100000.0 3600000.0 19315266.76590242 19113225.49712037 1125153.997125015 1123451.8030344867 0.0 0.0 4340201.747283952 4319275.49606104 4.375999927520752
46 40000.0 100000.0 3850000.0 19300154.89143025 19095777.863807097 1110042.1226531807 1106004.1697221284 0.0 0.0 4340201.747283952 4319275.49606104 4.711000204086304
47 40000.0 100000.0 4100000.0 19287724.964605585 19079920.140665323 1097612.1958287887 1090146.4465798312 0.0 0.0 4340201.747283952 4319275.49606104 4.376000165939331
48 40000.0 100000.0 4350000.0 19278637.355411604 19068819.66768083 1088524.5866344268 1079045.973598482 0.0 0.0 4340201.747283952 4319275.49606104 4.884999990463257
49 40000.0 100000.0 4600000.0 19270629.608611904 19060713.863548897 1080516.8398361765 1070940.1694674732 0.0 0.0 4340201.747283952 4319275.49606104 5.559000015258789
50 60000.0 100000.0 3600000.0 17155618.49383658 16960902.78636502 1135606.5987001006 1130766.840314751 0.0 0.0 6510302.620925047 6478913.244093761 5.4079999923706055
51 60000.0 100000.0 3850000.0 17143504.47688759 16945014.51061024 1123492.581751462 1114878.5645582573 0.0 0.0 6510302.620925047 6478913.244093761 5.58899998664856
52 60000.0 100000.0 4100000.0 17134626.43407681 16933856.876737103 1114614.5389420006 1103720.9306851996 0.0 0.0 6510302.620925047 6478913.244093761 4.892999887466431
53 60000.0 100000.0 4350000.0 17127532.911499772 16925760.08853645 1107521.0163637474 1095624.1424850158 0.0 0.0 6510302.620925047 6478913.244093761 5.088000059127808
54 60000.0 100000.0 4600000.0 17121275.523652554 16917783.23726775 1101263.6285186391 1087647.2912134104 0.0 0.0 6510302.620925047 6478913.244093761 5.611999988555908
55 80000.0 100000.0 3600000.0 15001409.786771208 14824089.34412697 1151498.7652771785 1153591.146110171 0.0 0.0 8680403.494567376 8638550.99212391 4.704999923706055
56 80000.0 100000.0 3850000.0 14992282.7283016 14815962.21695734 1142371.7068080865 1145464.018939792 0.0 0.0 8680403.494567376 8638550.99212391 4.549999952316284
57 80000.0 100000.0 4100000.0 14986141.75702544 14807973.442161301 1136230.735533337 1137475.2441408476 0.0 0.0 8680403.494567376 8638550.99212391 4.644999980926514
58 80000.0 100000.0 4350000.0 14980793.781224247 14800099.057501681 1130882.759730735 1129600.8594806925 0.0 0.0 8680403.494567376 8638550.99212391 4.867000102996826
59 80000.0 100000.0 4600000.0 14976076.149722153 14792320.41411142 1126165.1282300528 1121822.216091981 0.0 0.0 8680403.494567376 8638550.99212391 4.7179999351501465
60 20000.0 125000.0 3600000.0 21645252.15410624 21437372.05150785 1285038.5116842035 1287960.6093984628 0.0 0.0 2170100.8736420018 2159637.74803156 4.921999931335449
61 20000.0 125000.0 3850000.0 21628118.55047409 21412487.484598517 1267904.9080533292 1263076.0424826746 0.0 0.0 2170100.8736420018 2159637.74803156 4.853000164031982
62 20000.0 125000.0 4100000.0 21613116.885889314 21397164.3231556 1252903.2434693235 1247752.8810381906 0.0 0.0 2170100.8736420018 2159637.74803156 4.66100001335144
63 20000.0 125000.0 4350000.0 21602190.47179702 21382886.875446614 1241976.829375523 1233475.433329271 0.0 0.0 2170100.8736420018 2159637.74803156 4.70799994468689
64 20000.0 125000.0 4600000.0 21593368.88033568 21375697.440928545 1233155.237917473 1226285.9988248055 0.0 0.0 2170100.8736420018 2159637.74803156 4.729000091552734
65 40000.0 125000.0 3600000.0 19477577.76322755 19275081.63438158 1287464.9944486902 1285307.94030169 0.0 0.0 4340201.747283952 4319275.49606104 4.601999998092651
66 40000.0 125000.0 3850000.0 19463333.478229508 19257908.92676732 1273220.709451259 1268135.2326835266 0.0 0.0 4340201.747283952 4319275.49606104 4.561000108718872
67 40000.0 125000.0 4100000.0 19451396.17202223 19243146.12618696 1261283.4032450996 1253372.4321026995 0.0 0.0 4340201.747283952 4319275.49606104 4.729000091552734
68 40000.0 125000.0 4350000.0 19442805.519379653 19231994.54566785 1252692.7506019594 1242220.851583766 0.0 0.0 4340201.747283952 4319275.49606104 4.609999895095825
69 40000.0 125000.0 4600000.0 19435246.57241216 19224458.938645888 1245133.8036364957 1234685.244566883 0.0 0.0 4340201.747283952 4319275.49606104 4.763000011444092
70 60000.0 125000.0 3600000.0 17316829.07884887 17121247.3941489 1296817.183712158 1291111.448095011 0.0 0.0 6510302.620925047 6478913.244093761 4.588000059127808
71 60000.0 125000.0 3850000.0 17305390.454670627 17106453.364664283 1285378.5595352245 1276317.4186095232 0.0 0.0 6510302.620925047 6478913.244093761 4.608000040054321
72 60000.0 125000.0 4100000.0 17296797.419704314 17095257.89858914 1276785.5245706246 1265121.9525336148 0.0 0.0 6510302.620925047 6478913.244093761 4.749000072479248
73 60000.0 125000.0 4350000.0 17290079.490337495 17087730.16847787 1270067.5952026409 1257594.2224242298 0.0 0.0 6510302.620925047 6478913.244093761 4.621000051498413
74 60000.0 125000.0 4600000.0 17284162.134631883 17080315.37309103 1264150.2394989117 1250179.4270345063 0.0 0.0 6510302.620925047 6478913.244093761 4.385999917984009
75 80000.0 125000.0 3600000.0 15161112.376311427 14981256.093913281 1311201.3548186587 1310757.895894226 0.0 0.0 8680403.494567376 8638550.99212391 4.7209999561309814
76 80000.0 125000.0 3850000.0 15152292.330175426 14973693.8691318 1302381.3086840382 1303195.6711132312 0.0 0.0 8680403.494567376 8638550.99212391 5.369000196456909
77 80000.0 125000.0 4100000.0 15146467.308858687 14966262.57086625 1296556.2873688205 1295764.372847373 0.0 0.0 8680403.494567376 8638550.99212391 5.934999942779541
78 80000.0 125000.0 4350000.0 15141388.844065187 14958939.64680864 1291477.8225735738 1288441.4487890382 0.0 0.0 8680403.494567376 8638550.99212391 4.914000034332275
79 80000.0 125000.0 4600000.0 15136915.274298675 14951707.36797294 1287004.2528094316 1281209.169954019 0.0 0.0 8680403.494567376 8638550.99212391 4.838000059127808
