 A V P E_backup_full E_backup_repr E_loss_stor_full E_loss_stor_repr E_curt_full E_curt_repr E_sol_full E_sol_repr t_repr
0 20000.0 50000.0 3600000.0         5.78600001335144
1 20000.0 50000.0 3850000.0         6.098999977111816
2 20000.0 50000.0 4100000.0         5.536999940872192
3 20000.0 50000.0 4350000.0         5.2749998569488525
4 20000.0 50000.0 4600000.0 21045864.16629304 21137773.921282258 685650.523871684 681168.9684897384 0.0 0.0 2170100.8736420018 2193930.41770926 6.628000020980835
5 40000.0 50000.0 3600000.0         5.236999988555908
6 40000.0 50000.0 3850000.0         5.203000068664551
7 40000.0 50000.0 4100000.0         5.541000127792358
8 40000.0 50000.0 4350000.0 18904174.581249487 18973581.916783314 714061.8124713358 710907.3817084674 0.0 0.0 4340201.747283952 4387860.8354173 5.677000045776367
9 40000.0 50000.0 4600000.0 18894459.16627445 18968152.53408783 704346.3974977705 705477.999007303 0.0 0.0 4340201.747283952 4387860.8354173 5.8429999351501465
10 60000.0 50000.0 3600000.0         5.2190001010894775
11 60000.0 50000.0 3850000.0         5.940999984741211
12 60000.0 50000.0 4100000.0         5.486000061035156
13 60000.0 50000.0 4350000.0 17451189.459854893 17835787.498052184 721044.1051959022 717204.0923938495 710133.4595233587 1049839.2882974802 5800169.1614015885 5531951.964828541 6.7840001583099365
14 60000.0 50000.0 4600000.0 17442759.778651364 17831676.667111862 712614.3465061572 713091.2957167916 710133.5370109888 1049841.25403028 5800169.083913939 5531949.99909614 5.559999942779541
15 80000.0 50000.0 3600000.0         5.055999994277954
16 80000.0 50000.0 3850000.0         5.2749998569488525
17 80000.0 50000.0 4100000.0         5.584000110626221
18 80000.0 50000.0 4350000.0 16733572.310173215 17225950.613398403 717035.7942419078 714500.0394418573 2166625.4944368107 2636636.8743064 6513778.000131004 6139084.79653023 6.799000024795532
19 80000.0 50000.0 4600000.0 16725450.44985847 17221907.424388133 708913.9320380446 710446.4136680847 2166625.4963270305 2636647.3110674 6513777.998240783 6139074.35977041 6.945000171661377
20 20000.0 75000.0 3600000.0         5.075000047683716
21 20000.0 75000.0 3850000.0         5.430999994277954
22 20000.0 75000.0 4100000.0 21269122.40991693 21362371.982591517 908908.767499099 905767.0298270088 0.0 0.0 2170100.8736420018 2193930.41770926 5.766999959945679
23 20000.0 75000.0 4350000.0 21257134.063808266 21346265.9681005 896920.4213861672 889661.0153346211 0.0 0.0 2170100.8736420018 2193930.41770926 5.7170000076293945
24 20000.0 75000.0 4600000.0 21246912.85540672 21338101.39576713 886699.2129859101 881496.4429958884 0.0 0.0 2170100.8736420018 2193930.41770926 5.648000001907349
25 40000.0 75000.0 3600000.0         5.122999906539917
26 40000.0 75000.0 3850000.0         5.585000038146973
27 40000.0 75000.0 4100000.0 19110849.439150207 19180202.151187934 920736.6703734829 917527.6161328189 0.0 0.0 4340201.747283952 4387860.8354173 5.937000036239624
28 40000.0 75000.0 4350000.0 19101041.782372814 19170244.918656096 910929.0135956508 907570.3835999969 0.0 0.0 4340201.747283952 4387860.8354173 5.559000015258789
29 40000.0 75000.0 4600000.0 19092385.401332512 19165325.76148809 902272.6325566795 902651.2264290329 0.0 0.0 4340201.747283952 4387860.8354173 5.679999828338623
30 60000.0 75000.0 3600000.0         4.9670000076293945
31 60000.0 75000.0 3850000.0 16969146.421537004  949134.52640316  0.0  6510302.620925047  6.624000072479248
32 60000.0 75000.0 4100000.0 16959818.11301143 17006782.83983777 939806.2178797977 938038.7224931816 0.0 0.0 6510302.620925047 6581791.25312706 6.733000040054321
33 60000.0 75000.0 4350000.0 16952176.91653074 17000230.304528657 932165.0213979221 931486.1871820264 0.0 0.0 6510302.620925047 6581791.25312706 5.919999837875366
34 60000.0 75000.0 4600000.0 16945425.900590185 16996866.808922727 925414.0054574277 928122.6915727804 0.0 0.0 6510302.620925047 6581791.25312706 7.670000076293945
35 80000.0 75000.0 3600000.0         6.395999908447266
36 80000.0 75000.0 3850000.0 15741223.323348435  949486.2598072272  941826.0420503002  7738577.452516802  5.639999866485596
37 80000.0 75000.0 4100000.0 15733471.267071882 16221856.718776023 941734.0759954536 938172.2604828476 941826.1695869372 1408870.75865989 7738577.324980055 7366850.912177529 7.132999897003174
38 80000.0 75000.0 4350000.0 15726718.89560065 16215895.743638562 934981.70153221 932210.2238575626 941826.1725789371 1408871.8201458897 7738577.321988144 7366849.8506908305 6.331000089645386
39 80000.0 75000.0 4600000.0 15720750.116171228 16212958.295199737 929012.9500382608 929272.73020783 941826.14464292 1408871.86535389 7738577.3499241425 7366849.805482821 5.64300012588501
40 20000.0 100000.0 3600000.0 21482203.458161987  1121989.8157418314  0.0  2170100.8736420018  5.630000114440918
41 20000.0 100000.0 3850000.0 21463950.94199573 21555996.560164545 1103737.2995757116 1099391.6073912978 0.0 0.0 2170100.8736420018 2193930.41770926 5.960999965667725
42 20000.0 100000.0 4100000.0 21447972.913721967 21540955.7403528 1087759.2713015857 1084350.7875807208 0.0 0.0 2170100.8736420018 2193930.41770926 5.968999862670898
43 20000.0 100000.0 4350000.0 21436628.77318429 21526294.149442587 1076415.1307646465 1069689.1966700244 0.0 0.0 2170100.8736420018 2193930.41770926 5.609000205993652
44 20000.0 100000.0 4600000.0 21427226.10285857 21517755.23700278 1067012.460439848 1061150.2842239314 0.0 0.0 2170100.8736420018 2193930.41770926 5.812000036239624
45 40000.0 100000.0 3600000.0 19315266.76590242  1125153.997125015  0.0  4340201.747283952  5.162999868392944
46 40000.0 100000.0 3850000.0 19300154.89143025 19369517.662323512 1110042.1226531807 1106843.1272615022 0.0 0.0 4340201.747283952 4387860.8354173 6.197999954223633
47 40000.0 100000.0 4100000.0 19287724.964605585 19357077.39250285 1097612.1958287887 1094402.8574421792 0.0 0.0 4340201.747283952 4387860.8354173 5.906999826431274
48 40000.0 100000.0 4350000.0 19278637.355411604 19347801.920039773 1088524.5866344268 1085127.3849801302 0.0 0.0 4340201.747283952 4387860.8354173 6.138000011444092
49 40000.0 100000.0 4600000.0 19270629.608611904 19342975.73418461 1080516.8398361765 1080301.1991171136 0.0 0.0 4340201.747283952 4387860.8354173 6.4710001945495605
50 60000.0 100000.0 3600000.0 17155618.49383658 17199679.78267594 1135606.5987001006 1130935.6653204868 0.0 0.0 6510302.620925047 6581791.25312706 5.563999891281128
51 60000.0 100000.0 3850000.0 17143504.47688759 17189680.739387635 1123492.581751462 1120936.622038227 0.0 0.0 6510302.620925047 6581791.25312706 5.373999834060669
52 60000.0 100000.0 4100000.0 17134626.43407681 17181330.96001137 1114614.5389420006 1112586.8426617498 0.0 0.0 6510302.620925047 6581791.25312706 5.337000131607056
53 60000.0 100000.0 4350000.0 17127532.911499772 17175204.418166574 1107521.0163637474 1106460.30081598 0.0 0.0 6510302.620925047 6581791.25312706 5.324999809265137
54 60000.0 100000.0 4600000.0 17121275.523652554 17171928.293142572 1101263.6285186391 1103184.1757870358 0.0 0.0 6510302.620925047 6581791.25312706 5.372000217437744
55 80000.0 100000.0 3600000.0 15001409.786771208 15208735.565156177 1151498.7652771785 1145507.3681793492 0.0 188414.49732730002 8680403.494567376 8587307.17351023 5.255000114440918
56 80000.0 100000.0 3850000.0 14992282.7283016 15202109.365254872 1142371.7068080865 1138883.4125879584 0.0 188412.2530243 8680403.494567376 8587309.41781223 5.331000089645386
57 80000.0 100000.0 4100000.0 14986141.75702544 15196373.873631129 1136230.735533337 1133146.4247677776 0.0 188413.7492213 8680403.494567376 8587307.921615228 5.269000053405762
58 80000.0 100000.0 4350000.0 14980793.781224247 15192014.741053347 1130882.759730735 1128786.5440843955 0.0 188414.49732730002 8680403.494567376 8587307.17351023 5.29200005531311
59 80000.0 100000.0 4600000.0 14976076.149722153 15189715.072448071 1126165.1282300528 1126486.875475176 0.0 188414.49732730002 8680403.494567376 8587307.17351023 5.328999996185303
60 20000.0 125000.0 3600000.0 21645252.15410624 21734060.54963115 1285038.5116842035 1277455.5968449381 0.0 0.0 2170100.8736420018 2193930.41770926 5.302000045776367
61 20000.0 125000.0 3850000.0 21628118.55047409 21719798.657931667 1267904.9080533292 1263193.7051513076 0.0 0.0 2170100.8736420018 2193930.41770926 5.335999965667725
62 20000.0 125000.0 4100000.0 21613116.885889314 21705818.34120681 1252903.2434693235 1249213.3884267635 0.0 0.0 2170100.8736420018 2193930.41770926 5.325000047683716
63 20000.0 125000.0 4350000.0 21602190.47179702 21692180.505418845 1241976.829375523 1235575.5526378008 0.0 0.0 2170100.8736420018 2193930.41770926 5.759999990463257
64 20000.0 125000.0 4600000.0 21593368.88033568 21683297.668432996 1233155.237917473 1226692.7156482611 0.0 0.0 2170100.8736420018 2193930.41770926 5.375
65 40000.0 125000.0 3600000.0 19477577.76322755 19546395.149788704 1287464.9944486902 1283720.6147225825 0.0 0.0 4340201.747283952 4387860.8354173 5.291999816894531
66 40000.0 125000.0 3850000.0 19463333.478229508 19532729.975951534 1273220.709451259 1270055.4408906435 0.0 0.0 4340201.747283952 4387860.8354173 5.358999967575073
67 40000.0 125000.0 4100000.0 19451396.17202223 19520677.973026592 1261283.4032450996 1258003.4379622783 0.0 0.0 4340201.747283952 4387860.8354173 5.3500001430511475
68 40000.0 125000.0 4350000.0 19442805.519379653 19511887.739120584 1252692.7506019594 1249213.204055494 0.0 0.0 4340201.747283952 4387860.8354173 5.417999982833862
69 40000.0 125000.0 4600000.0 19435246.57241216 19507082.648208596 1245133.8036364957 1244408.1131407807 0.0 0.0 4340201.747283952 4387860.8354173 5.680000066757202
70 60000.0 125000.0 3600000.0 17316829.07884887 17360663.783982575 1296817.183712158 1291919.666629113 0.0 0.0 6510302.620925047 6581791.25312706 5.30899977684021
71 60000.0 125000.0 3850000.0 17305390.454670627 17351329.979730155 1285378.5595352245 1282585.862381619 0.0 0.0 6510302.620925047 6581791.25312706 5.381999969482422
72 60000.0 125000.0 4100000.0 17296797.419704314 17343239.644080162 1276785.5245706246 1274495.5267293935 0.0 0.0 6510302.620925047 6581791.25312706 5.395999908447266
73 60000.0 125000.0 4350000.0 17290079.490337495 17337402.226346575 1270067.5952026409 1268658.1089957084 0.0 0.0 6510302.620925047 6581791.25312706 5.348999977111816
74 60000.0 125000.0 4600000.0 17284162.134631883 17334170.329220846 1264150.2394989117 1265426.2118669145 0.0 0.0 6510302.620925047 6581791.25312706 5.331000089645386
75 80000.0 125000.0 3600000.0 15161112.376311427 15182752.164457452 1311201.3548186587 1307938.464814223 0.0 0.0 8680403.494567376 8775721.67083673 5.256999969482422
76 80000.0 125000.0 3850000.0 15152292.330175426 15176525.995130638 1302381.3086840382 1301712.2954910335 0.0 0.0 8680403.494567376 8775721.67083673 5.318000078201294
77 80000.0 125000.0 4100000.0 15146467.308858687 15171307.686795775 1296556.2873688205 1296493.9871552614 0.0 0.0 8680403.494567376 8775721.67083673 5.521999835968018
78 80000.0 125000.0 4350000.0 15141388.844065187 15167202.203190265 1291477.8225735738 1292388.5035511209 0.0 0.0 8680403.494567376 8775721.67083673 5.308000087738037
79 80000.0 125000.0 4600000.0 15136915.274298675 15164955.417480309 1287004.2528094316 1290141.7178364461 0.0 0.0 8680403.494567376 8775721.67083673 5.300999879837036
