 A V P E_backup_full E_backup_repr E_loss_stor_full E_loss_stor_repr E_curt_full E_curt_repr E_sol_full E_sol_repr t_repr
0 20000.0 50000.0 3600000.0         3.613999843597412
1 20000.0 50000.0 3850000.0         4.646000146865845
2 20000.0 50000.0 4100000.0         5.053999900817871
3 20000.0 50000.0 4350000.0 16592380.836997658 16685172.778047558 720636.8058188369 716591.335093726 75397.595537396 0.0 6658570.484883834 6625524.385685615 5.886999845504761
4 20000.0 50000.0 4600000.0 16585038.744825438 16679909.952399617 713294.7136478272 711328.5094538347 75397.595537396 0.0 6658570.484883834 6625524.385685615 4.872999906539917
5 40000.0 50000.0 3600000.0         3.5420000553131104
6 40000.0 50000.0 3850000.0  13701070.027323969  716981.6249584155  3641031.3450825373  9610017.426286362 4.0980000495910645
7 40000.0 50000.0 4100000.0 14027214.641901145 13695831.998852853 709087.3188457013 711741.634341228 4255748.9678347325 3641033.307237705 9212187.19300798 9610015.46413294 4.551000118255615
8 40000.0 50000.0 4350000.0 14021212.744126163 13690635.077593133 703085.4210683812 706540.3572561195 4255748.9678347325 3641037.66306228 9212187.19300798 9610011.108309489 4.326000213623047
9 40000.0 50000.0 4600000.0 14017958.597951574 13685524.102176022 699831.2748941265 701421.9411660995 4255748.9678347325 3641045.103731659 9212187.19300798 9610003.66763811 4.58299994468689
10 60000.0 50000.0 3600000.0  12330369.04057568  707047.7861275005  8905788.582871096  10970784.57418444 4.784999847412109
11 60000.0 50000.0 3850000.0 12226730.50313483 12325162.79348076 704325.326430931 701862.5005705693 9193994.901906958 8905767.621321997 11007909.339356776 10970805.535732305 4.884999990463257
12 60000.0 50000.0 4100000.0 12222459.576220773 12320048.10692951 700054.3995160435 696735.3948110451 9193994.901906958 8905780.040542815 11007909.339356776 10970793.116510706 4.927000045776367
13 60000.0 50000.0 4350000.0 12219501.072566815 12315026.308628721 697095.8958600254 691725.373994731 9193994.901906958 8905768.263051027 11007909.339356776 10970804.894007355 4.550999879837036
14 60000.0 50000.0 4600000.0 12216898.182801396 12310040.75087381 694493.0060953507 686730.9000476601 9193994.901906958 8905777.179248497 11007909.339356776 10970795.977809587 4.953000068664551
15 80000.0 50000.0 3600000.0  10970599.53202224  697658.8021448378  14180932.443965083  12321165.098780155 5.059999942779541
16 80000.0 50000.0 3850000.0 10940857.160636373 10965589.58699902 696920.0748667055 692638.9678558328 14649494.891399235 14180942.333225906 12286377.430286905 12321155.209518034 5.885999917984009
17 80000.0 50000.0 4100000.0 10937984.567826312 10960611.360260181 694047.4820560425 687670.2562261508 14649494.891399235 14180932.818122307 12286377.430286905 12321164.724625217 4.898999929428101
18 80000.0 50000.0 4350000.0 10935465.780757817 10959206.677319638 691528.694986766 686267.7186904616 14649494.891399235 14180930.67271006 12286377.430286905 12321166.870035093 4.427000045776367
19 80000.0 50000.0 4600000.0 10933258.05341923 10958760.650288645 689320.9232587955 685823.8301840019 14649494.935789015 14180928.53419641 12286377.385897128 12321169.008549236 4.135999917984009
20 20000.0 75000.0 3600000.0  16913205.200613398  944623.7576416981  0.0  6625524.385685615 4.294000148773193
21 20000.0 75000.0 3850000.0 16730294.266034873 16899307.788608424 933947.8303922749 930726.3456352655 0.0 0.0 6733968.080421236 6625524.385685615 4.38100004196167
22 20000.0 75000.0 4100000.0 16721854.474449845 16885601.80859491 925508.0388079395 917020.3656104616 0.0 0.0 6733968.080421236 6625524.385685615 4.176000118255615
23 20000.0 75000.0 4350000.0 16714516.528060105 16878962.16279628 918170.0924179419 910380.7198196015 0.0 0.0 6733968.080421236 6625524.385685615 4.329999923706055
24 20000.0 75000.0 4600000.0 16708032.928895695 16874362.91588416 911686.4932547624 905781.4729058093 0.0 0.0 6733968.080421236 6625524.385685615 5.78600001335144
25 40000.0 75000.0 3600000.0 13011181.561889742 12653770.40749142 938164.9969031352 940667.6382188466 3010638.209766237 2370045.711984375 10457297.951076578 10881003.059385892 5.3429999351501465
26 40000.0 75000.0 3850000.0 13004951.649977373 12649217.16742836 931935.0849920593 936179.4705982886 3010638.209766237 2369980.6395403557 10457297.951076578 10881068.131829893 5.1540000438690186
27 40000.0 75000.0 4100000.0 12999509.11165627 12644699.83781186 926492.5466708048 931655.3570887237 3010638.209766237 2369987.423439935 10457297.951076578 10881061.347929873 4.700000047683716
28 40000.0 75000.0 4350000.0 12995037.301928 12640212.195021858 922020.7369419056 927182.2174939677 3010638.209766237 2369972.920248252 10457297.951076578 10881075.85112267 5.008000135421753
29 40000.0 75000.0 4600000.0 12992854.275155906 12635783.66006164 919837.7101683369 922690.8261719971 3010638.209766237 2370035.7765911072 10457297.951076578 10881012.99478026 4.708999872207642
30 60000.0 75000.0 3600000.0 11177828.837460622 11279066.330782881 924867.2009509351 918123.6250365772 7924551.36171202 7643410.034158535 12277352.879552178 12233163.122897463 5.159999847412109
31 60000.0 75000.0 3850000.0 11172933.07150039 11274577.3311247 919971.4349917602 913614.8439397512 7924551.36171202 7643429.815606789 12277352.879552178 12233143.341452006 4.2829999923706055
32 60000.0 75000.0 4100000.0 11169936.925297087 11270150.61735443 916975.2887881371 909203.3246029904 7924551.36171202 7643414.621162742 12277352.879552178 12233158.53589334 5.121999979019165
33 60000.0 75000.0 4350000.0 11168045.1950497 11265809.85467954 915083.5585407336 904869.7451600628 7924551.36171202 7643407.4379297085 12277352.879552178 12233165.71912602 4.956000089645386
34 60000.0 75000.0 4600000.0 11166387.476091474 11261493.851245262 913425.8395829116 900563.309888413 7924551.36171202 7643397.869763061 12277352.879552178 12233175.28729138 4.89900016784668
35 80000.0 75000.0 3600000.0 9884990.89350674 9919194.903821291 915229.1709296823 907949.1237396054 13375319.528203664 12919237.494184237 13560552.79348106 13582860.048562335 4.292999982833862
36 80000.0 75000.0 3850000.0 9882161.85214294 9914869.610751258 912400.1295660993 903589.7376273546 13375319.528203664 12919271.587213486 13560552.79348106 13582825.955533812 4.608000040054321
37 80000.0 75000.0 4100000.0 9880375.796248123 9910566.55031301 910614.073671583 899308.5937720198 13375319.528203664 12919249.670643669 13560552.79348106 13582847.872106632 5.023999929428101
38 80000.0 75000.0 4350000.0 9878814.222477587 9908916.78293302 909052.499901102 897669.8219259839 13375319.528203664 12919238.675109947 13560552.79348106 13582858.867638575 4.733000040054321
39 80000.0 75000.0 4600000.0 9877453.835995076 9908534.059936712 907692.1134182368 897282.2134389386 13375319.528203664 12919243.560574772 13560552.79348106 13582853.982172275 4.667999982833862
40 20000.0 100000.0 3600000.0 16916857.02339592 17086451.414053883 1120510.5877544046 1117869.9710840515 0.0 0.0 6733968.080421236 6625524.385685615 5.572000026702881
41 20000.0 100000.0 3850000.0 16905751.012679726 17073815.811411988 1109404.57703877 1105234.3684406618 0.0 0.0 6733968.080421236 6625524.385685615 4.948999881744385
42 20000.0 100000.0 4100000.0 16897919.992521748 17061367.953525327 1101573.556882179 1092786.5105504964 0.0 0.0 6733968.080421236 6625524.385685615 4.73199987411499
43 20000.0 100000.0 4350000.0 16891104.470962238 17054113.34002949 1094758.0353217414 1085531.897056782 0.0 0.0 6733968.080421236 6625524.385685615 4.4700000286102295
44 20000.0 100000.0 4600000.0 16885090.14739283 17049931.94477766 1088743.711754062 1081350.5018085623 0.0 0.0 6733968.080421236 6625524.385685615 4.335000038146973
45 40000.0 100000.0 3600000.0 11968222.640384307 11590639.982623832 1134788.5434371226 1136197.578441127 1771055.7417248832 1111385.3468891599 11696880.419118332 12139663.424481237 4.437000036239624
46 40000.0 100000.0 3850000.0 11963713.620577913 11586556.38157655 1130279.5236317043 1132112.163994685 1771055.7417248832 1111387.1602900499 11696880.419118332 12139661.61108117 4.206000089645386
47 40000.0 100000.0 4100000.0 11959775.39540514 11582499.28702256 1126341.2984588658 1128085.4866276237 1771055.7417248832 1111356.74309878 11696880.419118332 12139692.028272318 4.111999988555908
48 40000.0 100000.0 4350000.0 11956408.159510292 11578463.925228355 1122974.0625637057 1124028.5882608849 1771055.7417248832 1111378.2796691796 11696880.419118332 12139670.491701445 4.431999921798706
49 40000.0 100000.0 4600000.0 11954924.51974018 11574469.583987221 1121490.422794401 1120015.6125679999 1771055.7417248832 1111396.9141199118 11696880.419118332 12139651.857250739 4.348999977111816
50 60000.0 100000.0 3600000.0 10113583.116880018 10216766.35664383 1119444.3638622146 1113979.3163509988 6665728.478216697 6385254.36871039 13536175.763047313 13491318.788344683 4.667999982833862
51 60000.0 100000.0 3850000.0 10110091.843874 10212734.8386348 1115953.0908581968 1109944.2715718523 6665728.478216697 6385257.895482311 13536175.763047313 13491315.261575911 4.414999961853027
52 60000.0 100000.0 4100000.0 10107981.333933596 10208745.658533923 1113842.5809170608 1105973.7985486125 6665728.478216697 6385239.188392728 13536175.763047313 13491333.968661685 4.242000102996826
53 60000.0 100000.0 4350000.0 10106787.662383767 10204838.26815646 1112648.9093675807 1102050.352336071 6665728.478216697 6385255.244233354 13536175.763047313 13491317.912822405 4.355000019073486
54 60000.0 100000.0 4600000.0 10105748.71579409 10200947.917799575 1111609.9627773915 1098149.3355571127 6665728.478216697 6385265.910656744 13536175.763047313 13491307.246400537 4.356000185012817
55 80000.0 100000.0 3600000.0 8816835.838206079 8856493.001038052 1110392.7454685909 1096131.905741818 12112000.89836377 11668352.809381256 14823871.423321364 14833744.7333671 4.183000087738037
56 80000.0 100000.0 3850000.0 8814912.70583274 8852603.0552175 1108469.6130966144 1092248.414702238 12112000.89836377 11668346.354608037 14823871.423321364 14833751.188143205 4.144999980926514
57 80000.0 100000.0 4100000.0 8813826.596138176 8848729.02687761 1107383.5034013428 1088388.0180141372 12112000.89836377 11668332.72295144 14823871.423321364 14833764.819797125 5.0329999923706055
58 80000.0 100000.0 4350000.0 8812883.430199016 8846890.02275192 1106440.3374622066 1086535.4947011624 12112000.89836377 11668346.242130429 14823871.423321364 14833751.300616998 4.852999925613403
59 80000.0 100000.0 4600000.0 8812069.259839317 8846544.853870686 1105626.1671020759 1086177.7858300647 12112000.89836377 11668358.782148503 14823871.423321364 14833738.7606005 4.875999927520752
60 20000.0 125000.0 3600000.0 17079087.392741144 17247269.005694922 1282740.9570999786 1278687.562730687 0.0 0.0 6733968.080421236 6625524.385685615 5.022000074386597
61 20000.0 125000.0 3850000.0 17068396.30532876 17235529.048710417 1272049.8696881905 1266947.6057474522 0.0 0.0 6733968.080421236 6625524.385685615 4.67300009727478
62 20000.0 125000.0 4100000.0 17060982.734222043 17223974.77174318 1264636.2985831425 1255393.3287806942 0.0 0.0 6733968.080421236 6625524.385685615 4.466999769210815
63 20000.0 125000.0 4350000.0 17054525.562438242 17216186.929277588 1258179.12679761 1247605.4863082962 0.0 0.0 6733968.080421236 6625524.385685615 4.569999933242798
64 20000.0 125000.0 4600000.0 17048834.185390234 17212302.28372768 1252487.7497516617 1243720.8407638462 0.0 0.0 6733968.080421236 6625524.385685615 4.755000114440918
65 40000.0 125000.0 3600000.0 10918099.56935001 10662642.398893775 1321258.8149009892 1319585.3416026325 534462.39922654 0.0 12933473.761616165 13251048.77137068 5.830999851226807
66 40000.0 125000.0 3850000.0 10914860.523922857 10658890.20142078 1318019.7694743949 1315833.1441263137 534462.39922654 0.0 12933473.761616165 13251048.77137068 4.9049999713897705
67 40000.0 125000.0 4100000.0 10912033.53489301 10655157.988578778 1315192.7804456016 1312100.9312833748 534462.39922654 0.0 12933473.761616165 13251048.77137068 4.553999900817871
68 40000.0 125000.0 4350000.0 10909573.33966669 10651442.301778862 1312732.585218712 1308385.2444850444 534462.39922654 0.0 12933473.761616165 13251048.77137068 4.615000009536743
69 40000.0 125000.0 4600000.0 10908525.127930516 10647754.408781879 1311684.3734838795 1304697.3514913116 534462.39922654 0.0 12933473.761616165 13251048.77137068 4.08899998664856
70 60000.0 125000.0 3600000.0 9043713.278936306 9146899.253298867 1301942.7488494941 1295517.7316132165 5413360.255281735 5133848.850089633 14788543.985982932 14742724.30696752 4.108999967575073
71 60000.0 125000.0 3850000.0 9041275.039937453 9143194.6760845 1299504.509852805 1291776.7082280326 5413360.255281735 5133885.296266474 14788543.985982932 14742687.86079349 4.014000177383423
72 60000.0 125000.0 4100000.0 9039804.63735186 9139517.645841885 1298034.1072674468 1288140.6368824998 5413360.255281735 5133844.337363001 14788543.985982932 14742728.819694662 4.009999990463257
73 60000.0 125000.0 4350000.0 9039086.14362512 9135919.69462793 1297315.613539399 1284542.4971355076 5413360.255281735 5133844.525904314 14788543.985982932 14742728.631150508 4.117000102996826
74 60000.0 125000.0 4600000.0 9038468.400781337 9132749.01689784 1296697.870696064 1281339.1068462916 5413360.255281735 5133877.238464799 14788543.985982932 14742695.918591533 4.480999946594238
75 80000.0 125000.0 3600000.0 7743291.793046667 7786101.595954305 1292432.131283506 1275050.7394985415 10856417.46738251 10419042.570536787 16079454.85430114 16083054.972209418 4.14300012588501
76 80000.0 125000.0 3850000.0 7742030.960863632 7783152.39149584 1291171.29833199 1272084.8723122806 10856417.468150977 10419059.233283952 16079454.853532664 16083038.309464905 4.039000034332275
77 80000.0 125000.0 4100000.0 7741405.680823271 7781599.6394018 1290546.018292737 1270547.218238615 10856417.468150977 10419044.135246785 16079454.853532664 16083053.407500418 4.020999908447266
78 80000.0 125000.0 4350000.0 7740872.769040685 7781230.206206702 1290013.1065098008 1270174.755724578 10856417.468150977 10419047.164562907 16079454.853532664 16083050.378183695 4.016000032424927
79 80000.0 125000.0 4600000.0 7740420.480863705 7781192.20030696 1289560.8183322155 1270122.9976851786 10856417.468150977 10419060.916708367 16079454.853532664 16083036.626040071 4.069999933242798
