 A V P E_backup_full E_backup_repr E_loss_stor_full E_loss_stor_repr E_curt_full E_curt_repr E_sol_full E_sol_repr t_repr
0 20000.0 50000.0 3600000.0         3.133999824523926
1 20000.0 50000.0 3850000.0         3.246999979019165
2 20000.0 50000.0 4100000.0         3.638000011444092
3 20000.0 50000.0 4350000.0 16592380.836997658 16572326.883600174 720636.8058188369 716899.7138489746 75397.595537396 190934.227030008 6658570.484883834 6282032.622981281 3.6429998874664307
4 20000.0 50000.0 4600000.0 16585038.744825438 16565589.131510561 713294.7136478272 710167.819145854 75397.595537396 190928.36964208257 6658570.484883834 6282038.4803693015 4.558000087738037
5 40000.0 50000.0 3600000.0         3.9090001583099365
6 40000.0 50000.0 3850000.0         4.0329999923706055
7 40000.0 50000.0 4100000.0 14027214.641901145 14471698.027057948 709087.3188457013 704167.8756090953 4255748.9678347325 4576004.05873135 9212187.19300798 8369929.641287146 4.0320000648498535
8 40000.0 50000.0 4350000.0 14021212.744126163 14466288.591588821 703085.4210683812 698769.748885494 4255748.9678347325 4575992.749983439 9212187.19300798 8369940.950034957 4.276000022888184
9 40000.0 50000.0 4600000.0 14017958.597951574 14463423.28624167 699831.2748941265 695886.1151462784 4255748.9678347325 4576011.07837642 9212187.19300798 8369922.621642876 3.9040000438690186
10 60000.0 50000.0 3600000.0         4.046999931335449
11 60000.0 50000.0 3850000.0 12226730.50313483 12956020.612987168 704325.326430931 697657.9787859285 9193994.901906958 9539803.39147717 11007909.339356776 9879097.158543907 4.275000095367432
12 60000.0 50000.0 4100000.0 12222459.576220773 12951735.546900745 700054.3995160435 693388.2723956442 9193994.901906958 9539788.031785049 11007909.339356776 9879112.51823671 4.0320000648498535
13 60000.0 50000.0 4350000.0 12219501.072566815 12947994.720517797 697095.8958600254 689634.286185021 9193994.901906958 9539801.19161631 11007909.339356776 9879099.358412586 4.075999975204468
14 60000.0 50000.0 4600000.0 12216898.182801396 12947299.66622433 694493.0060953507 688939.9764684038 9193994.901906958 9539800.447034733 11007909.339356776 9879100.10298916 3.819000005722046
15 80000.0 50000.0 3600000.0  11441544.583730878  698003.6320973655  14497948.558931248  11393918.841110855 3.9539999961853027
16 80000.0 50000.0 3850000.0 10940857.160636373 11437287.849586003 696920.0748667055 693752.8244955619 14649494.891399235 14497942.63238369 12286377.430286905 11393924.767657403 3.797999858856201
17 80000.0 50000.0 4100000.0 10937984.567826312 11433107.540461909 694047.4820560425 689533.1206936771 14649494.891399235 14497982.02705484 12286377.430286905 11393885.372986266 3.7249999046325684
18 80000.0 50000.0 4350000.0 10935465.780757817 11432060.389346339 691528.694986766 688497.7538984789 14649494.891399235 14497970.242743718 12286377.430286905 11393897.157298358 3.82099986076355
19 80000.0 50000.0 4600000.0 10933258.05341923 11431537.806437144 689320.9232587955 687975.70426376 14649494.935789015 14497969.70947709 12286377.385897128 11393897.690567505 4.854000091552734
20 20000.0 75000.0 3600000.0         4.121000051498413
21 20000.0 75000.0 3850000.0 16730294.266034873 16598049.49940701 933947.8303922749 933556.5567139784 0.0 0.0 6733968.080421236 6472966.85001129 4.083999872207642
22 20000.0 75000.0 4100000.0 16721854.474449845 16588063.57439176 925508.0388079395 923570.6316983998 0.0 0.0 6733968.080421236 6472966.85001129 4.513000011444092
23 20000.0 75000.0 4350000.0 16714516.528060105 16580922.64832797 918170.0924179419 916429.7056363642 0.0 0.0 6733968.080421236 6472966.85001129 4.104000091552734
24 20000.0 75000.0 4600000.0 16708032.928895695 16575041.119335692 911686.4932547624 910548.1766458361 0.0 0.0 6733968.080421236 6472966.85001129 5.414000034332275
25 40000.0 75000.0 3600000.0 13011181.561889742 13441577.405847926 938164.9969031352 934663.9601082809 3010638.209766237 3315387.3530644 10457297.951076578 9630546.346955836 4.764999866485596
26 40000.0 75000.0 3850000.0 13004951.649977373 13435660.338882256 931935.0849920593 928754.311724617 3010638.209766237 3315379.934483036 10457297.951076578 9630553.765535617 3.746000051498413
27 40000.0 75000.0 4100000.0 12999509.11165627 13429893.846704412 926492.5466708048 923031.5927749715 3010638.209766237 3315336.1612472595 10457297.951076578 9630597.538771568 3.75
28 40000.0 75000.0 4350000.0 12995037.301928 13425050.735052222 922020.7369419056 918146.8582942681 3010638.209766237 3315377.7840722 10457297.951076578 9630555.91594844 3.5199999809265137
29 40000.0 75000.0 4600000.0 12992854.275155906 13422292.75725618 919837.7101683369 915381.7148184018 3010638.209766237 3315384.94975666 10457297.951076578 9630548.75026167 3.5179998874664307
30 60000.0 75000.0 3600000.0 11177828.837460622 11917662.757197866 924867.2009509351 918506.5519104431 7924551.36171202 8280596.96261524 12277352.879552178 11138303.58740867 3.5329999923706055
31 60000.0 75000.0 3850000.0 11172933.07150039 11913964.528086547 919971.4349917602 914797.6496848798 7924551.36171202 8280607.63571933 12277352.879552178 11138292.914305665 3.824000120162964
32 60000.0 75000.0 4100000.0 11169936.925297087 11910316.062787486 916975.2887881371 911163.7232898272 7924551.36171202 8280593.09680557 12277352.879552178 11138307.453218935 3.922999858856201
33 60000.0 75000.0 4350000.0 11168045.1950497 11906813.42936055 915083.5585407336 907657.6093361578 7924551.36171202 8280596.577339739 12277352.879552178 11138303.972683355 3.884000062942505
34 60000.0 75000.0 4600000.0 11166387.476091474 11906212.565912012 913425.8395829116 907047.2655331787 7924551.36171202 8280606.057691536 12277352.879552178 11138294.492334645 3.6439998149871826
35 80000.0 75000.0 3600000.0 9884990.89350674 10399281.846614879 915229.1709296823 909035.5193519469 13375319.528203664 13244653.934574459 13560552.79348106 12647213.465471188 4.079999923706055
36 80000.0 75000.0 3850000.0 9882161.85214294 10395665.997335741 912400.1295660993 905434.4823528888 13375319.528203664 13244639.122298647 13560552.79348106 12647228.277745029 3.859999895095825
37 80000.0 75000.0 4100000.0 9880375.796248123 10392101.36518581 910614.073671583 901845.0754534855 13375319.528203664 13244663.89703978 13560552.79348106 12647203.503001675 3.879000186920166
38 80000.0 75000.0 4350000.0 9878814.222477587 10390888.893338002 909052.499901102 900654.286974657 13375319.528203664 13244642.213691238 13560552.79348106 12647225.186353333 4.159999847412109
39 80000.0 75000.0 4600000.0 9877453.835995076 10390441.524863016 907692.1134182368 900188.5102344084 13375319.528203664 13244660.6219544 13560552.79348106 12647206.778093265 3.867000102996826
40 20000.0 100000.0 3600000.0 16916857.02339592 16783061.29519538 1120510.5877544046 1118568.3524862172 0.0 0.0 6733968.080421236 6472966.85001129 4.065000057220459
41 20000.0 100000.0 3850000.0 16905751.012679726 16773889.623704232 1109404.57703877 1109396.6809965302 0.0 0.0 6733968.080421236 6472966.85001129 3.9749999046325684
42 20000.0 100000.0 4100000.0 16897919.992521748 16764812.428286424 1101573.556882179 1100319.4855795396 0.0 0.0 6733968.080421236 6472966.85001129 3.560999870300293
43 20000.0 100000.0 4350000.0 16891104.470962238 16757762.16629175 1094758.0353217414 1093269.223583548 0.0 0.0 6733968.080421236 6472966.85001129 3.567000150680542
44 20000.0 100000.0 4600000.0 16885090.14739283 16752409.291894069 1088743.711754062 1087916.3491835105 0.0 0.0 6733968.080421236 6472966.85001129 3.5510001182556152
45 40000.0 100000.0 3600000.0 11968222.640384307 12386219.981820758 1134788.5434371226 1128910.2819382783 1771055.7417248832 2065783.6071845198 11696880.419118332 10880150.092836289 3.620000123977661
46 40000.0 100000.0 3850000.0 11963713.620577913 12380961.80886793 1130279.5236317043 1123658.9960356636 1771055.7417248832 2065776.7201263 11696880.419118332 10880156.979893679 3.8430001735687256
47 40000.0 100000.0 4100000.0 11959775.39540514 12375815.099423788 1126341.2984588658 1118502.5776665523 1771055.7417248832 2065786.4290553099 11696880.419118332 10880147.270963019 3.7269999980926514
48 40000.0 100000.0 4350000.0 11956408.159510292 12371322.765782367 1122974.0625637057 1114011.0958690161 1771055.7417248832 2065785.5772141728 11696880.419118332 10880148.122807859 4.125999927520752
49 40000.0 100000.0 4600000.0 11954924.51974018 12370578.835537143 1121490.422794401 1113261.9369768316 1771055.7417248832 2065790.8058457202 11696880.419118332 10880142.894173324 3.990000009536743
50 60000.0 100000.0 3600000.0 10113583.116880018 10862993.055651287 1119444.3638622146 1114094.9757284885 6665728.478216697 7030338.837245264 13536175.763047313 12388561.712781545 3.5989999771118164
51 60000.0 100000.0 3850000.0 10110091.843874 10859718.435359105 1115953.0908581968 1110736.432023992 6665728.478216697 7030422.760655212 13536175.763047313 12388477.789367065 3.819000005722046
52 60000.0 100000.0 4100000.0 10107981.333933596 10856478.800323877 1113842.5809170608 1107480.3250640377 6665728.478216697 7030439.232573519 13536175.763047313 12388461.317452356 4.430999994277954
53 60000.0 100000.0 4350000.0 10106787.662383767 10855449.632171037 1112648.9093675807 1106463.5915406852 6665728.478216697 7030426.797943919 13536175.763047313 12388473.752080515 4.074999809265137
54 60000.0 100000.0 4600000.0 10105748.71579409 10854897.320480786 1111609.9627773915 1105918.7513751034 6665728.478216697 7030419.3264256595 13536175.763047313 12388481.223599926 4.4079999923706055
55 80000.0 100000.0 3600000.0 8816835.838206079 9344910.433999341 1110392.7454685909 1104436.5935576202 12112000.89836377 11994881.44775877 14823871.423321364 13896985.952282647 4.412999868392944
56 80000.0 100000.0 3850000.0 8814912.70583274 9341705.749423133 1108469.6130966144 1101189.2811375794 12112000.89836377 11994924.075621901 14823871.423321364 13896943.324421115 3.6510000228881836
57 80000.0 100000.0 4100000.0 8813826.596138176 9340399.998231353 1107383.5034013428 1099907.5888156078 12112000.89836377 11994900.016736217 14823871.423321364 13896967.383305816 3.8370001316070557
58 80000.0 100000.0 4350000.0 8812883.430199016 9339908.420210147 1106440.3374622066 1099419.0327508696 12112000.89836377 11994896.994773198 14823871.423321364 13896970.405272484 3.5319998264312744
59 80000.0 100000.0 4600000.0 8812069.259839317 9339455.891302451 1105626.1671020759 1098946.9956535455 12112000.89836377 11994916.502972709 14823871.423321364 13896950.897070976 4.08899998664856
60 20000.0 125000.0 3600000.0 17079087.392741144 16945332.91567601 1282740.9570999786 1280839.9729637608 0.0 0.0 6733968.080421236 6472966.85001129 3.75
61 20000.0 125000.0 3850000.0 17068396.30532876 16936811.914809093 1272049.8696881905 1272318.9721034025 0.0 0.0 6733968.080421236 6472966.85001129 3.688999891281128
62 20000.0 125000.0 4100000.0 17060982.734222043 16928379.914307784 1264636.2985831425 1263886.9715964235 0.0 0.0 6733968.080421236 6472966.85001129 4.059000015258789
63 20000.0 125000.0 4350000.0 17054525.562438242 16921349.5467645 1258179.12679761 1256856.6040560235 0.0 0.0 6733968.080421236 6472966.85001129 3.8459999561309814
64 20000.0 125000.0 4600000.0 17048834.185390234 16916373.616648536 1252487.7497516617 1251880.6739374234 0.0 0.0 6733968.080421236 6472966.85001129 4.063999891281128
65 40000.0 125000.0 3600000.0 10918099.56935001 11322889.644742182 1321258.8149009892 1308356.934111384 534462.39922654 823006.61791466 12933473.761616165 12122927.08210488 3.8299999237060547
66 40000.0 125000.0 3850000.0 10914860.523922857 11318106.815008532 1318019.7694743949 1303571.7892476162 534462.39922654 823008.9330395659 12933473.761616165 12122924.766980277 4.098999977111816
67 40000.0 125000.0 4100000.0 10912033.53489301 11316630.348933058 1315192.7804456016 1302094.966412465 534462.39922654 823009.289807057 12933473.761616165 12122924.41020995 4.233999967575073
68 40000.0 125000.0 4350000.0 10909573.33966669 11315390.693535967 1312732.585218712 1300855.3781370737 534462.39922654 823009.2226767599 12933473.761616165 12122924.47734244 4.691999912261963
69 40000.0 125000.0 4600000.0 10908525.127930516 11314853.357732015 1311684.3734838795 1300311.9294821697 534462.39922654 823015.3355166999 12933473.761616165 12122918.36450046 4.495999813079834
70 60000.0 125000.0 3600000.0 9043713.278936306 9801287.529471217 1301942.7488494941 1294886.596467838 5413360.255281735 5787841.690300819 14788543.985982932 13631058.859722512 4.976999998092651
71 60000.0 125000.0 3850000.0 9041275.039937453 9800731.2184206 1299504.509852805 1294329.20827486 5413360.255281735 5787842.76745183 14788543.985982932 13631057.782571005 3.7820000648498535
72 60000.0 125000.0 4100000.0 9039804.63735186 9800191.485375391 1298034.1072674468 1293833.354746545 5413360.255281735 5787798.8879208695 14788543.985982932 13631101.662103835 4.56000018119812
73 60000.0 125000.0 4350000.0 9039086.14362512 9799674.1832696 1297315.613539399 1293267.882122858 5413360.255281735 5787847.05844656 14788543.985982932 13631053.491576416 4.174999952316284
74 60000.0 125000.0 4600000.0 9038468.400781337 9799187.258205567 1296697.870696064 1292775.3216538217 5413360.255281735 5787852.693846324 14788543.985982932 13631047.856178345 3.9760000705718994
75 80000.0 125000.0 3600000.0 7743291.793046667 8285561.181166869 1292432.131283506 1288176.3066305043 10856417.46738251 10751792.48182587 16079454.85430114 15140074.918215798 4.599999904632568
76 80000.0 125000.0 3850000.0 7742030.960863632 8285055.288966628 1291171.29833199 1287649.1074177227 10856417.468150977 10751813.788849419 16079454.853532664 15140053.6111946 5.2209999561309814
77 80000.0 125000.0 4100000.0 7741405.680823271 8284570.227482908 1290546.018292737 1287152.9134340582 10856417.468150977 10751824.92133861 16079454.853532664 15140042.478704121 4.13700008392334
78 80000.0 125000.0 4350000.0 7740872.769040685 8284135.769441153 1290013.1065098008 1286725.8693749988 10856417.468150977 10751817.5073564 16079454.853532664 15140049.892687626 4.249000072479248
79 80000.0 125000.0 4600000.0 7740420.480863705 8283739.410425152 1289560.8183322155 1286337.9441136701 10856417.468150977 10751809.073609449 16079454.853532664 15140058.326434154 6.381999969482422
