 A V P E_backup_full E_backup_repr E_loss_stor_full E_loss_stor_repr E_curt_full E_curt_repr E_sol_full E_sol_repr t_repr
0 20000.0 50000.0 3600000.0         3.2039999961853027
1 20000.0 50000.0 3850000.0         3.4250001907348633
2 20000.0 50000.0 4100000.0         3.360999822616577
3 20000.0 50000.0 4350000.0         3.5409998893737793
4 20000.0 50000.0 4600000.0 21854538.057617407 21831207.833057266 686104.097016893 704631.9935083035 0.0 0.0 2454607.4583434663 2368949.496688688 3.82099986076355
5 40000.0 50000.0 3600000.0         5.324999809265137
6 40000.0 50000.0 3850000.0         4.549999952316284
7 40000.0 50000.0 4100000.0         3.6689999103546143
8 40000.0 50000.0 4350000.0 19302437.06376168  716215.6111994393  0.0  4909214.916687003  3.5139999389648438
9 40000.0 50000.0 4600000.0 19292852.736871768 19339742.884002913 707110.5006525972 719659.0581775877 0.0 0.0 4909214.916687003 4737898.99337936 4.704999923706055
10 60000.0 50000.0 3600000.0         3.36299991607666
11 60000.0 50000.0 3850000.0         3.638000011444092
12 60000.0 50000.0 4100000.0         3.740000009536743
13 60000.0 50000.0 4350000.0 17811136.186691366  718607.7542961141  1035479.4820265531  6328342.8930040365  3.5819997787475586
14 60000.0 50000.0 4600000.0 17802734.210706 18687604.125788257 710626.0798683403 719274.4213953761 1035479.2792680231 1753197.0080706899 6328343.095762514 5353651.481996101 3.941999912261963
15 80000.0 50000.0 3600000.0         3.3600001335144043
16 80000.0 50000.0 3850000.0         3.6459999084472656
17 80000.0 50000.0 4100000.0         3.759999990463257
18 80000.0 50000.0 4350000.0 16920610.382523663  714297.4876718249  2648397.693039331  7170032.140335109  3.7220001220703125
19 80000.0 50000.0 4600000.0 16912627.51586621 18361075.046228487 706713.7928141644 717102.492482897 2648397.6645715744 3815815.5485075903 7170032.16880283 5659982.43824681 4.133000135421753
20 20000.0 75000.0 3600000.0         3.5160000324249268
21 20000.0 75000.0 3850000.0         3.552999973297119
22 20000.0 75000.0 4100000.0 22088758.59971543  908613.6120130223  0.0  2454607.4583434663  3.8469998836517334
23 20000.0 75000.0 4350000.0 22076513.403140847 22049818.47990364 896980.6752662826 911174.1347730841 0.0 0.0 2454607.4583434663 2368949.496688688 4.144999980926514
24 20000.0 75000.0 4600000.0 22065915.77019295 22039017.98673042 886912.9239635983 900969.888007032 0.0 0.0 2454607.4583434663 2368949.496688688 4.016999959945679
25 40000.0 75000.0 3600000.0         3.4000000953674316
26 40000.0 75000.0 3850000.0 19531371.59926638  933703.4199305788  0.0  4909214.916687003  3.690999984741211
27 40000.0 75000.0 4100000.0 19518951.31136528  921904.1464247464  0.0  4909214.916687003  4.395999908447266
28 40000.0 75000.0 4350000.0 19509275.863559186 19556061.69763765 912712.4710092313 924035.8879912877 0.0 0.0 4909214.916687003 4737898.99337936 4.0279998779296875
29 40000.0 75000.0 4600000.0 19500730.7410772 19545407.255642332 904594.6046506382 913969.6295737001 0.0 0.0 4909214.916687003 4737898.99337936 3.8359999656677246
30 60000.0 75000.0 3600000.0         3.4629998207092285
31 60000.0 75000.0 3850000.0 16966249.892479107  951445.2568258129  0.0  7363822.37503029  3.5339999198913574
32 60000.0 75000.0 4100000.0 16957962.426905293  943572.16452965  0.0  7363822.37503029  3.9519999027252197
33 60000.0 75000.0 4350000.0 16950758.23037074 17627261.027435932 936728.1778227077 941118.3739027189 0.0 529546.706335955 7363822.37503029 6577301.7837312 3.986999988555908
34 60000.0 75000.0 4600000.0 16944390.194861066 17616765.498267785 930678.5440867677 931203.6117929431 0.0 529545.349999205 7363822.37503029 6577303.14006775 4.379999876022339
35 80000.0 75000.0 3600000.0         3.493000030517578
36 80000.0 75000.0 3850000.0 15859253.481663207  945875.6281544737  1408530.4967427475  8409899.336631665  3.5180001258850098
37 80000.0 75000.0 4100000.0 15851705.451814318  938705.0449640356  1408530.4515759675  8409899.381798534  3.9210000038146973
38 80000.0 75000.0 4350000.0 15845125.83616458 17300794.282593198 932454.2298578848 934952.7577280714 1408530.6318154398 2596217.82753122 8409899.201559104 6879580.159226551 4.108999967575073
39 80000.0 75000.0 4600000.0 15839309.789978268 17290318.496040653 926929.1961494323 925053.5777407445 1408530.4216446078 2596219.5417812895 8409899.411729805 6879578.444975469 4.013999938964844
40 20000.0 100000.0 3600000.0 22311826.77547999  1120528.378988685  0.0  2454607.4583434663  3.4570000171661377
41 20000.0 100000.0 3850000.0 22293054.39661361 22264561.927625686 1102694.6190643231 1114062.567508205 0.0 0.0 2454607.4583434663 2368949.496688688 4.706000089645386
42 20000.0 100000.0 4100000.0 22276630.065591466 22249663.691270925 1087091.5045940871 1099986.7954377006 0.0 0.0 2454607.4583434663 2368949.496688688 5.837000131607056
43 20000.0 100000.0 4350000.0 22265283.95916933 22236032.7533757 1076312.7034943365 1087108.3599990837 0.0 0.0 2454607.4583434663 2368949.496688688 4.8409998416900635
44 20000.0 100000.0 4600000.0 22255530.447990745 22226217.312674407 1067046.8678735322 1077834.7854068398 0.0 0.0 2454607.4583434663 2368949.496688688 4.513000011444092
45 40000.0 100000.0 3600000.0 19731678.402889587  1123994.883370062  0.0  4909214.916687003  4.20199990272522
46 40000.0 100000.0 3850000.0 19716679.070479285 19762467.979442064 1109745.5175806535 1119047.4120461089 0.0 0.0 4909214.916687003 4737898.99337936 4.859999895095825
47 40000.0 100000.0 4100000.0 19704926.256927256 19750726.9968539 1098580.344706457 1107954.5960364377 0.0 0.0 4909214.916687003 4737898.99337936 4.447000026702881
48 40000.0 100000.0 4350000.0 19695960.87802665 19740956.165223744 1090063.2347509393 1098723.167845684 0.0 0.0 4909214.916687003 4737898.99337936 5.019000053405762
49 40000.0 100000.0 4600000.0 19688051.42990029 19731274.30258526 1082549.2590314827 1089575.797071273 0.0 0.0 4909214.916687003 4737898.99337936 4.560999870300293
50 60000.0 100000.0 3600000.0 17160635.38852426  1136111.47806499  0.0  7363822.37503029  4.203000068664551
51 60000.0 100000.0 3850000.0 17149153.601652633 17281238.799885724 1125203.780538162 1143745.1756615944 0.0 0.0 7363822.37503029 7106848.49006775 4.897000074386597
52 60000.0 100000.0 4100000.0 17141456.835958913 17271595.903923288 1117891.8531284959 1134634.6203928888 0.0 0.0 7363822.37503029 7106848.49006775 5.14300012588501
53 60000.0 100000.0 4350000.0 17134761.45094862 17262032.56038876 1111531.2373688105 1125599.2258231482 0.0 0.0 7363822.37503029 7106848.49006775 4.683000087738037
54 60000.0 100000.0 4600000.0 17128851.52582024 17252977.329239167 1105916.8084981504 1117043.8930484427 0.0 0.0 7363822.37503029 7106848.49006775 4.792999982833862
55 80000.0 100000.0 3600000.0 14775611.335811595  1151488.3941004  173457.69223545006  9644972.14113928  3.6410000324249268
56 80000.0 100000.0 3850000.0 14768072.244537732 16232413.01400466 1144326.257393055 1141415.8207467406 173457.69223545006 1380353.99608769 9644972.14113928 8095443.99066866 6.171000003814697
57 80000.0 100000.0 4100000.0 14762443.383749845 16222858.357536973 1138978.9062596157 1132391.1497586928 173457.62561836 1380351.4800075453 9644972.207756342 8095446.506748645 4.28600001335144
58 80000.0 100000.0 4350000.0 14757537.561658433 16214404.074748687 1134318.308656265 1124400.6189988083 173457.69223545006 1380354.450709565 9644972.14113928 8095443.536047678 4.237000226974487
59 80000.0 100000.0 4600000.0 14753211.619525725 16207913.015643453 1130208.6636309342 1118268.4562254334 173457.69223545006 1380353.8964066152 9644972.14113928 8095444.0903504 4.233999967575073
60 20000.0 125000.0 3600000.0 22483473.690267336 22451484.168767143 1283592.9480340907 1290665.6767125858 0.0 0.0 2454607.4583434663 2368949.496688688 4.233000040054321
61 20000.0 125000.0 3850000.0 22465827.15933031 22435197.820280317 1266828.743644161 1275278.4239063112 0.0 0.0 2454607.4583434663 2368949.496688688 4.233999967575073
62 20000.0 125000.0 4100000.0 22450376.191983704 22421356.385036673 1252150.3246668326 1262201.111732939 0.0 0.0 2454607.4583434663 2368949.496688688 4.172999858856201
63 20000.0 125000.0 4350000.0 22439437.189471044 22408236.921182625 1241758.2722792386 1249805.9141659813 0.0 0.0 2454607.4583434663 2368949.496688688 4.563999891281128
64 20000.0 125000.0 4600000.0 22430277.183366746 22399121.172703356 1233056.2664782787 1241193.4049541128 0.0 0.0 2454607.4583434663 2368949.496688688 5.314000129699707
65 40000.0 125000.0 3600000.0 19902517.763027184 19946469.30197127 1286292.2755006743 1292890.8533541155 0.0 0.0 4909214.916687003 4737898.99337936 5.1650002002716064
66 40000.0 125000.0 3850000.0 19888372.675305746 19932680.867536865 1272854.442166341 1279863.6160582213 0.0 0.0 4909214.916687003 4737898.99337936 4.57699990272522
67 40000.0 125000.0 4100000.0 19877055.54063746 19921324.21673779 1262103.1642328128 1269133.9146116988 0.0 0.0 4909214.916687003 4737898.99337936 4.482000112533569
68 40000.0 125000.0 4350000.0 19868578.389338206 19912249.598723985 1254049.870498045 1260560.2652319563 0.0 0.0 4909214.916687003 4737898.99337936 4.601999998092651
69 40000.0 125000.0 4600000.0 19861108.601577826 19903258.513197597 1246953.572124774 1252065.5368947764 0.0 0.0 4909214.916687003 4737898.99337936 4.538000106811523
70 60000.0 125000.0 3600000.0 17330141.017795995 17457658.77466614 1297141.8258732983 1310425.801151802 0.0 0.0 7363822.37503029 7106848.49006775 4.450999975204468
71 60000.0 125000.0 3850000.0 17319227.80262841 17448599.028343875 1286774.2714668505 1301866.202472011 0.0 0.0 7363822.37503029 7106848.49006775 4.5329999923706055
72 60000.0 125000.0 4100000.0 17311797.601713426 17439640.76207714 1279715.5805979592 1293402.4815884824 0.0 0.0 7363822.37503029 7106848.49006775 4.520999908447266
73 60000.0 125000.0 4350000.0 17305450.94138355 17430757.569717724 1273686.2532841377 1285009.690118377 0.0 0.0 7363822.37503029 7106848.49006775 4.560999870300293
74 60000.0 125000.0 4600000.0 17299856.474107206 17421937.076257955 1268371.5093719224 1276676.1362283896 0.0 0.0 7363822.37503029 7106848.49006775 4.505000114440918
75 80000.0 125000.0 3600000.0 14764806.106511075 15141782.111801563 1314681.1184999715 1333459.4836557647 0.0 157888.232845 9818429.83337449 9317909.753910908 4.8500001430511475
76 80000.0 125000.0 3850000.0 14757684.85206728 15132931.672864111 1307915.9267819026 1325095.630370237 0.0 157890.23992249998 9818429.83337449 9317907.746833408 4.706000089645386
77 80000.0 125000.0 4100000.0 14752508.58377735 15126267.94438095 1302998.4719053518 1318799.7762101984 0.0 157890.23992249998 9818429.83337449 9317907.746833408 4.796999931335449
78 80000.0 125000.0 4350000.0 14747993.050532933 15120644.37567099 1298708.7153234142 1313487.9109513632 0.0 157888.9882731 9818429.83337449 9317908.998482909 4.713000059127808
79 80000.0 125000.0 4600000.0 14744017.39688544 15117443.092321856 1294931.844358377 1310463.2584995164 0.0 157889.08576135 9818429.83337449 9317908.900994558 4.0
