 A V P E_backup_full E_backup_repr E_loss_stor_full E_loss_stor_repr E_curt_full E_curt_repr E_sol_full E_sol_repr t_repr
0 20000.0 50000.0 3600000.0         3.263000011444092
1 20000.0 50000.0 3850000.0         3.489000082015991
2 20000.0 50000.0 4100000.0         3.3980000019073486
3 20000.0 50000.0 4350000.0         3.4600000381469727
4 20000.0 50000.0 4600000.0 21854538.057617407  686104.097016893  0.0  2454607.4583434663  3.9589998722076416
5 40000.0 50000.0 3600000.0         3.4140000343322754
6 40000.0 50000.0 3850000.0         3.503999948501587
7 40000.0 50000.0 4100000.0         3.6050000190734863
8 40000.0 50000.0 4350000.0 19302437.06376168  716215.6111994393  0.0  4909214.916687003  3.7790000438690186
9 40000.0 50000.0 4600000.0 19292852.736871768  707110.5006525972  0.0  4909214.916687003  5.7190001010894775
10 60000.0 50000.0 3600000.0         5.427000045776367
11 60000.0 50000.0 3850000.0         3.819000005722046
12 60000.0 50000.0 4100000.0         3.5839998722076416
13 60000.0 50000.0 4350000.0 17811136.186691366  718607.7542961141  1035479.4820265531  6328342.8930040365  3.5179998874664307
14 60000.0 50000.0 4600000.0 17802734.210706  710626.0798683403  1035479.2792680231  6328343.095762514  3.3929998874664307
15 80000.0 50000.0 3600000.0         3.498000144958496
16 80000.0 50000.0 3850000.0         3.5179998874664307
17 80000.0 50000.0 4100000.0         3.5160000324249268
18 80000.0 50000.0 4350000.0 16920610.382523663  714297.4876718249  2648397.693039331  7170032.140335109  4.977999925613403
19 80000.0 50000.0 4600000.0 16912627.51586621  706713.7928141644  2648397.6645715744  7170032.16880283  3.5899999141693115
20 20000.0 75000.0 3600000.0         3.6460001468658447
21 20000.0 75000.0 3850000.0         3.5260000228881836
22 20000.0 75000.0 4100000.0 22088758.59971543 21864128.542797476 908613.6120130223 917178.61289552 0.0 0.0 2454607.4583434663 2532704.022445501 3.9019999504089355
23 20000.0 75000.0 4350000.0 22076513.403140847 21852641.86996157 896980.6752662826 906326.0673361936 0.0 0.0 2454607.4583434663 2532704.022445501 4.004999876022339
24 20000.0 75000.0 4600000.0 22065915.77019295 21841253.28285208 886912.9239635983 895566.1926415997 0.0 0.0 2454607.4583434663 2532704.022445501 4.031000137329102
25 40000.0 75000.0 3600000.0         3.4570000171661377
26 40000.0 75000.0 3850000.0 19531371.59926638  933703.4199305788  0.0  4909214.916687003  3.619000196456909
27 40000.0 75000.0 4100000.0 19518951.31136528 19199368.05218099 921904.1464247464 932231.5252292735 0.0 0.0 4909214.916687003 5065408.04489329 4.073000192642212
28 40000.0 75000.0 4350000.0 19509275.863559186 19190324.23306896 912712.4710092313 923686.9744816783 0.0 0.0 4909214.916687003 5065408.04489329 4.009000062942505
29 40000.0 75000.0 4600000.0 19500730.7410772 19183361.235860184 904594.6046506382 917108.3728710131 0.0 0.0 4909214.916687003 5065408.04489329 4.11299991607666
30 60000.0 75000.0 3600000.0         4.44599986076355
31 60000.0 75000.0 3850000.0 16966249.892479107  951445.2568258129  0.0  7363822.37503029  4.894999980926514
32 60000.0 75000.0 4100000.0 16957962.426905293 16637758.833000861 943572.16452965 953204.8361854597 0.0 91536.35743533 7363822.37503029 7506575.709903201 4.515999794006348
33 60000.0 75000.0 4350000.0 16950758.23037074 16631058.303267432 936728.1778227077 946874.8607985394 0.0 91535.70903876 7363822.37503029 7506576.35829959 4.108999967575073
34 60000.0 75000.0 4600000.0 16944390.194861066 16626997.870836686 930678.5440867677 943037.702627216 0.0 91536.59290281 7363822.37503029 7506575.474435775 4.166999816894531
35 80000.0 75000.0 3600000.0         3.4509999752044678
36 80000.0 75000.0 3850000.0 15859253.481663207  945875.6281544737  1408530.4967427475  8409899.336631665  3.7799999713897705
37 80000.0 75000.0 4100000.0 15851705.451814318 15553962.501618009 938705.0449640356 943408.0897297999 1408530.4515759675 1610072.2910527196 8409899.381798534 8520743.798730338 5.073000192642212
38 80000.0 75000.0 4350000.0 15845125.83616458 15548794.428630315 932454.2298578848 938524.8386655849 1408530.6318154398 1610072.7750790198 8409899.201559104 8520743.314703964 4.312000036239624
39 80000.0 75000.0 4600000.0 15839309.789978268 15544957.229218861 926929.1961494323 934903.6567251742 1408530.4216446078 1610068.5920386198 8409899.411729805 8520747.49774429 4.21399998664856
40 20000.0 100000.0 3600000.0 22311826.77547999 22071902.772317193 1120528.378988685 1113482.5664552175 0.0 0.0 2454607.4583434663 2532704.022445501 4.355999946594238
41 20000.0 100000.0 3850000.0 22293054.39661361 22061249.16490156 1102694.6190643231 1103417.0965446925 0.0 0.0 2454607.4583434663 2532704.022445501 4.376999855041504
42 20000.0 100000.0 4100000.0 22276630.065591466 22050711.57592163 1087091.5045940871 1093461.2402124791 0.0 0.0 2454607.4583434663 2532704.022445501 4.369999885559082
43 20000.0 100000.0 4350000.0 22265283.95916933 22040270.676251605 1076312.7034943365 1083596.7354197796 0.0 0.0 2454607.4583434663 2532704.022445501 4.697999954223633
44 20000.0 100000.0 4600000.0 22255530.447990745 22029922.910779458 1067046.8678735322 1073820.2233008437 0.0 0.0 2454607.4583434663 2532704.022445501 5.021999835968018
45 40000.0 100000.0 3600000.0 19731678.402889587 19405306.210691288 1123994.883370062 1126800.7689631658 0.0 0.0 4909214.916687003 5065408.04489329 4.947999954223633
46 40000.0 100000.0 3850000.0 19716679.070479285 19394850.231142934 1109745.5175806535 1116922.0167708113 0.0 0.0 4909214.916687003 5065408.04489329 4.799999952316284
47 40000.0 100000.0 4100000.0 19704926.256927256 19384479.169407442 1098580.344706457 1107123.494465958 0.0 0.0 4909214.916687003 5065408.04489329 5.209000110626221
48 40000.0 100000.0 4350000.0 19695960.87802665 19375619.60221461 1090063.2347509393 1098753.0239331154 0.0 0.0 4909214.916687003 5065408.04489329 4.615000009536743
49 40000.0 100000.0 4600000.0 19688051.42990029 19369254.650856905 1082549.2590314827 1092739.45276654 0.0 0.0 4909214.916687003 5065408.04489329 5.827000141143799
50 60000.0 100000.0 3600000.0 17160635.38852426 16739138.155611886 1136111.47806499 1140523.8221161743 0.0 0.0 7363822.37503029 7598112.0673385 4.124000072479248
51 60000.0 100000.0 3850000.0 17149153.601652633 16731834.655212205 1125203.780538162 1133623.5149578108 0.0 0.0 7363822.37503029 7598112.0673385 4.049999952316284
52 60000.0 100000.0 4100000.0 17141456.835958913 16725493.804771105 1117891.8531284959 1127632.7142010254 0.0 0.0 7363822.37503029 7598112.0673385 4.039000034332275
53 60000.0 100000.0 4350000.0 17134761.45094862 16719375.232683863 1111531.2373688105 1121851.9208275157 0.0 0.0 7363822.37503029 7598112.0673385 4.1499998569488525
54 60000.0 100000.0 4600000.0 17128851.52582024 16715554.11159648 1105916.8084981504 1118241.7465557824 0.0 0.0 7363822.37503029 7598112.0673385 4.164999961853027
55 80000.0 100000.0 3600000.0 14775611.335811595 14485082.975389272 1151488.3941004 1154621.4444836709 173457.69223545006 388987.41678911995 9644972.14113928 9741828.67299427 5.355000019073486
56 80000.0 100000.0 3850000.0 14768072.244537732 14479428.594917716 1144326.257393055 1149279.6693804103 173457.69223545006 388986.964205304 9644972.14113928 9741829.125577869 4.926999807357788
57 80000.0 100000.0 4100000.0 14762443.383749845 14475877.812643006 1138978.9062596157 1145924.928683087 173457.62561836 388986.9452764199 9644972.207756342 9741829.144506969 4.039999961853027
58 80000.0 100000.0 4350000.0 14757537.561658433 14472417.649282487 1134318.308656265 1142656.3494152608 173457.69223545006 388986.38115614996 9644972.14113928 9741829.70862697 3.993000030517578
59 80000.0 100000.0 4600000.0 14753211.619525725 14469011.269884849 1130208.6636309342 1139438.0023286075 173457.69223545006 388986.39965175 9644972.14113928 9741829.69013158 5.248000144958496
60 20000.0 125000.0 3600000.0 22483473.690267336 22243015.16349121 1283592.9480340907 1275148.6160368714 0.0 0.0 2454607.4583434663 2532704.022445501 4.31600022315979
61 20000.0 125000.0 3850000.0 22465827.15933031 22233117.824320998 1266828.743644161 1265797.664219916 0.0 0.0 2454607.4583434663 2532704.022445501 4.306999921798706
62 20000.0 125000.0 4100000.0 22450376.191983704 22223330.48408166 1252150.3246668326 1256550.6387889679 0.0 0.0 2454607.4583434663 2532704.022445501 4.697000026702881
63 20000.0 125000.0 4350000.0 22439437.189471044 22213632.49442559 1241758.2722792386 1247388.0313009357 0.0 0.0 2454607.4583434663 2532704.022445501 4.571000099182129
64 20000.0 125000.0 4600000.0 22430277.183366746 22204023.953866903 1233056.2664782787 1238309.9348288705 0.0 0.0 2454607.4583434663 2532704.022445501 4.437000036239624
65 40000.0 125000.0 3600000.0 19902517.763027184 19575389.59655982 1286292.2755006743 1287494.6199676334 0.0 0.0 4909214.916687003 5065408.04489329 7.139999866485596
66 40000.0 125000.0 3850000.0 19888372.675305746 19565678.12664659 1272854.442166341 1278319.2764020865 0.0 0.0 4909214.916687003 5065408.04489329 4.716000080108643
67 40000.0 125000.0 4100000.0 19877055.54063746 19556046.85480186 1262103.1642328128 1269219.7035334164 0.0 0.0 4909214.916687003 5065408.04489329 4.322999954223633
68 40000.0 125000.0 4350000.0 19868578.389338206 19547268.32149596 1254049.870498045 1260925.7933672548 0.0 0.0 4909214.916687003 5065408.04489329 4.228000164031982
69 40000.0 125000.0 4600000.0 19861108.601577826 19541338.724227954 1246953.572124774 1255323.542359131 0.0 0.0 4909214.916687003 5065408.04489329 4.199000120162964
70 60000.0 125000.0 3600000.0 17330141.017795995 16908162.053506013 1297141.8258732983 1300216.6746934026 0.0 0.0 7363822.37503029 7598112.0673385 4.25
71 60000.0 125000.0 3850000.0 17319227.80262841 16900835.61867692 1286774.2714668505 1293294.69921304 0.0 0.0 7363822.37503029 7598112.0673385 4.233000040054321
72 60000.0 125000.0 4100000.0 17311797.601713426 16894933.922646303 1279715.5805979592 1287718.809140531 0.0 0.0 7363822.37503029 7598112.0673385 4.273999929428101
73 60000.0 125000.0 4350000.0 17305450.94138355 16889216.75103592 1273686.2532841377 1282317.2567199166 0.0 0.0 7363822.37503029 7598112.0673385 4.2159998416900635
74 60000.0 125000.0 4600000.0 17299856.474107206 16885254.713156827 1268371.5093719224 1278573.9450429555 0.0 0.0 7363822.37503029 7598112.0673385 4.255000114440918
75 80000.0 125000.0 3600000.0 14764806.106511075 14249355.229227724 1314681.1184999715 1320894.5783527594 0.0 0.0 9818429.83337449 10130816.089783119 3.9509999752044678
76 80000.0 125000.0 3850000.0 14757684.85206728 14245055.133118302 1307915.9267819026 1316831.8711137741 0.0 0.0 9818429.83337449 10130816.089783119 3.753000020980835
77 80000.0 125000.0 4100000.0 14752508.58377735 14241765.106377173 1302998.4719053518 1313723.4718834949 0.0 0.0 9818429.83337449 10130816.089783119 5.210999965667725
78 80000.0 125000.0 4350000.0 14747993.050532933 14238571.461014926 1298708.7153234142 1310706.1332461324 0.0 0.0 9818429.83337449 10130816.089783119 4.803000211715698
79 80000.0 125000.0 4600000.0 14744017.39688544 14235426.642326612 1294931.844358377 1307734.9257815278 0.0 0.0 9818429.83337449 10130816.089783119 4.319999933242798
