 A V P E_backup_full E_backup_repr E_loss_stor_full E_loss_stor_repr E_curt_full E_curt_repr E_sol_full E_sol_repr t_repr
0 20000.0 50000.0 3600000.0         4.858999967575073
1 20000.0 50000.0 3850000.0         4.474999904632568
2 20000.0 50000.0 4100000.0  16472968.362244679  717564.8850758066  352527.8514268  6433016.243500388 4.440000057220459
3 20000.0 50000.0 4350000.0 16592380.836997658 16466228.722888472 720636.8058188369 710806.8570077667 75397.595537396 352546.24013690196 6658570.484883834 6432997.854790474 9.548999786376953
4 20000.0 50000.0 4600000.0 16585038.744825438 16463890.92945857 713294.7136478272 708471.338297677 75397.595537396 352543.9654198 6658570.484883834 6433000.129507394 6.2179999351501465
5 40000.0 50000.0 3600000.0         3.825000047683716
6 40000.0 50000.0 3850000.0         4.74399995803833
7 40000.0 50000.0 4100000.0 14027214.641901145 13911704.371979961 709087.3188457013 706171.0727873963 4255748.9678347325 4588201.768379639 9212187.19300798 8982886.421474967 4.453000068664551
8 40000.0 50000.0 4350000.0 14021212.744126163 13909363.632465431 703085.4210683812 703823.8564828344 4255748.9678347325 4588208.245170774 9212187.19300798 8982879.944685755 4.077000141143799
9 40000.0 50000.0 4600000.0 14017958.597951574 13907164.06429422 699831.2748941265 701626.8981792056 4255748.9678347325 4588205.635302635 9212187.19300798 8982882.554553038 4.421000003814697
10 60000.0 50000.0 3600000.0         4.0290000438690186
11 60000.0 50000.0 3850000.0 12226730.50313483 12468993.84831072 704325.326430931 699310.8552245931 9193994.901906958 9937895.557210028 11007909.339356776 10418736.72757185 4.976999998092651
12 60000.0 50000.0 4100000.0 12222459.576220773 12461071.4120873 700054.3995160435 691374.7957137709 9193994.901906958 9937909.180487115 11007909.339356776 10418723.104294673 5.202999830245972
13 60000.0 50000.0 4350000.0 12219501.072566815 12458986.450434085 697095.8958600254 689293.8222468148 9193994.901906958 9937905.192317203 11007909.339356776 10418727.092464305 4.78600001335144
14 60000.0 50000.0 4600000.0 12216898.182801396 12457916.087615492 694493.0060953507 688244.4408395143 9193994.901906958 9937884.21088295 11007909.339356776 10418748.07390119 4.39300012588501
15 80000.0 50000.0 3600000.0         3.4630000591278076
16 80000.0 50000.0 3850000.0 10940857.160636373 11628085.792753981 696920.0748667055 689335.7755774239 14649494.891399235 15892506.6762402 12286377.430286905 11249669.70347314 5.936000108718872
17 80000.0 50000.0 4100000.0 10937984.567826312 11625245.817008063 694047.4820560425 686501.0865582727 14649494.891399235 15892501.389517063 12286377.430286905 11249674.99019221 5.708999872207642
18 80000.0 50000.0 4350000.0 10935465.780757817 11624168.01737358 691528.694986766 685430.2509993282 14649494.891399235 15892494.425444141 12286377.430286905 11249681.954265965 4.794999837875366
19 80000.0 50000.0 4600000.0 10933258.05341923 11623151.6278884 689320.9232587955 684402.4204427585 14649494.935789015 15892505.866492793 12286377.385897128 11249670.513216509 3.9679999351501465
20 20000.0 75000.0 3600000.0         3.566999912261963
21 20000.0 75000.0 3850000.0 16730294.266034873 16338185.24596633 933947.8303922749 935309.6202189326 0.0 0.0 6733968.080421236 6785544.094927166 4.248999834060669
22 20000.0 75000.0 4100000.0 16721854.474449845 16322516.4655786 925508.0388079395 919640.8398338304 0.0 0.0 6733968.080421236 6785544.094927166 3.8869998455047607
23 20000.0 75000.0 4350000.0 16714516.528060105 16317012.66382225 918170.0924179419 914137.0380648163 0.0 0.0 6733968.080421236 6785544.094927166 4.004000186920166
24 20000.0 75000.0 4600000.0 16708032.928895695 16314980.397376023 911686.4932547624 912104.7716323078 0.0 0.0 6733968.080421236 6785544.094927166 3.932000160217285
25 40000.0 75000.0 3600000.0 13011181.561889742 12882827.310667977 938164.9969031352 941614.1109090496 3010638.209766237 3323881.6689541563 10457297.951076578 10247206.520902347 4.17300009727478
26 40000.0 75000.0 3850000.0 13004951.649977373 12873493.275344353 931935.0849920593 932287.0961940764 3010638.209766237 3323874.648338855 10457297.951076578 10247213.541517785 3.8600001335144043
27 40000.0 75000.0 4100000.0 12999509.11165627 12865174.708859373 926492.5466708048 923961.4062767145 3010638.209766237 3323881.771774911 10457297.951076578 10247206.418079935 4.013000011444092
28 40000.0 75000.0 4350000.0 12995037.301928 12863981.609468894 922020.7369419056 922765.5543923234 3010638.209766237 3323884.5242600515 10457297.951076578 10247203.665595077 3.7689998149871826
29 40000.0 75000.0 4600000.0 12992854.275155906 12863047.576846343 919837.7101683369 921838.1728550853 3010638.209766237 3323877.87316943 10457297.951076578 10247210.316685548 3.7200000286102295
30 60000.0 75000.0 3600000.0 11177828.837460622 11413158.98611232 924867.2009509351 924506.5066875439 7924551.36171202 8656865.043548267 12277352.879552178 11699767.2412353 3.7060000896453857
31 60000.0 75000.0 3850000.0 11172933.07150039 11404843.399730556 919971.4349917602 916188.444505662 7924551.36171202 8656867.519340934 12277352.879552178 11699764.765443709 3.92900013923645
32 60000.0 75000.0 4100000.0 11169936.925297087 11399720.13028416 916975.2887881371 911075.223523055 7924551.36171202 8656857.47087262 12277352.879552178 11699774.813911172 5.040999889373779
33 60000.0 75000.0 4350000.0 11168045.1950497 11398769.141807443 915083.5585407336 910075.0402819995 7924551.36171202 8656906.665646633 12277352.879552178 11699725.619135521 4.815000057220459
34 60000.0 75000.0 4600000.0 11166387.476091474 11397869.9219739 913425.8395829116 909227.936091156 7924551.36171202 8656854.549993126 12277352.879552178 11699777.734788876 4.294999837875366
35 80000.0 75000.0 3600000.0 9884990.89350674 10574033.490867691 915229.1709296823 909445.4560032319 13375319.528203664 14618344.693932055 13560552.79348106 12523831.685775617 4.460999965667725
36 80000.0 75000.0 3850000.0 9882161.85214294 10567785.35779722 912400.1295660993 903189.0100225508 13375319.528203664 14618353.006841766 13560552.79348106 12523823.372867543 4.299000024795532
37 80000.0 75000.0 4100000.0 9880375.796248123 10564839.0935973 910614.073671583 900251.1355196532 13375319.528203664 14618344.617130939 13560552.79348106 12523831.762577442 5.750999927520752
38 80000.0 75000.0 4350000.0 9878814.222477587 10563929.978656262 909052.499901102 899334.6364805097 13375319.528203664 14618352.00122848 13560552.79348106 12523824.378480705 3.9760000705718994
39 80000.0 75000.0 4600000.0 9877453.835995076 10563072.304299345 907692.1134182368 898513.8340016174 13375319.528203664 14618315.129370304 13560552.79348106 12523861.250339579 4.093999862670898
40 20000.0 100000.0 3600000.0 16916857.02339592 16526235.25682677 1120510.5877544046 1123359.6310936266 0.0 0.0 6733968.080421236 6785544.094927166 4.45799994468689
41 20000.0 100000.0 3850000.0 16905751.012679726 16511927.57253818 1109404.57703877 1109051.9468064746 0.0 0.0 6733968.080421236 6785544.094927166 4.949000120162964
42 20000.0 100000.0 4100000.0 16897919.992521748 16497695.64075224 1101573.556882179 1094820.015023675 0.0 0.0 6733968.080421236 6785544.094927166 4.203000068664551
43 20000.0 100000.0 4350000.0 16891104.470962238 16491125.446351495 1094758.0353217414 1088249.820617027 0.0 0.0 6733968.080421236 6785544.094927166 3.880000114440918
44 20000.0 100000.0 4600000.0 16885090.14739283 16489268.25261717 1088743.711754062 1086392.626877368 0.0 0.0 6733968.080421236 6785544.094927166 4.170000076293945
45 40000.0 100000.0 3600000.0 11968222.640384307 11822381.569452275 1134788.5434371226 1138586.2777835955 1771055.7417248832 2066463.7608682206 11696880.419118332 11504624.428988757 3.9720001220703125
46 40000.0 100000.0 3850000.0 11963713.620577913 11815882.598349074 1130279.5236317043 1132090.517039977 1771055.7417248832 2066460.5505115318 11696880.419118332 11504627.639343148 3.8610000610351562
47 40000.0 100000.0 4100000.0 11959775.39540514 11810231.963742403 1126341.2984588658 1126437.8954262629 1771055.7417248832 2066462.5375119392 11696880.419118332 11504625.652343022 3.809999942779541
48 40000.0 100000.0 4350000.0 11956408.159510292 11808791.741699694 1122974.0625637057 1125001.562488449 1771055.7417248832 2066458.6484038702 11696880.419118332 11504629.541451886 4.430999994277954
49 40000.0 100000.0 4600000.0 11954924.51974018 11807972.277213592 1121490.422794401 1124183.6275740464 1771055.7417248832 2066457.1188296701 11696880.419118332 11504631.071028257 3.7699999809265137
50 60000.0 100000.0 3600000.0 10113583.116880018 10339427.603860524 1119444.3638622146 1118466.2617754466 6665728.478216697 7389173.906202231 13536175.763047313 12967458.378581256 4.0920000076293945
51 60000.0 100000.0 3850000.0 10110091.843874 10333785.66444378 1115953.0908581968 1112808.510997378 6665728.478216697 7389189.71756903 13536175.763047313 12967442.56721483 4.29800009727478
52 60000.0 100000.0 4100000.0 10107981.333933596 10328809.74987354 1113842.5809170608 1107831.4219201552 6665728.478216697 7389190.892066883 13536175.763047313 12967441.392714093 4.384000062942505
53 60000.0 100000.0 4350000.0 10106787.662383767 10327968.20832897 1112648.9093675807 1107024.254444178 6665728.478216697 7389156.518002182 13536175.763047313 12967475.766777921 4.0899999141693115
54 60000.0 100000.0 4600000.0 10105748.71579409 10327173.478035329 1111609.9627773915 1106203.9913185833 6665728.478216697 7389182.05081859 13536175.763047313 12967450.233963713 4.00600004196167
55 80000.0 100000.0 3600000.0 8816835.838206079 9502526.837108878 1110392.7454685909 1106441.0755784921 12112000.89836377 13349842.420599971 14823871.423321364 13792333.959111683 4.299999952316284
56 80000.0 100000.0 3850000.0 8814912.70583274 9496988.82115157 1108469.6130966144 1100924.0750231568 12112000.89836377 13349821.405204182 14823871.423321364 13792354.974506728 4.190999984741211
57 80000.0 100000.0 4100000.0 8813826.596138176 9493989.360654699 1107383.5034013428 1097904.9217975861 12112000.89836377 13349841.097909505 14823871.423321364 13792335.281798232 4.623000144958496
58 80000.0 100000.0 4350000.0 8812883.430199016 9493428.401699025 1106440.3374622066 1097403.9292326686 12112000.89836377 13349781.131528648 14823871.423321364 13792395.248180982 4.573999881744385
59 80000.0 100000.0 4600000.0 8812069.259839317 9492915.50980956 1105626.1671020759 1096865.587568917 12112000.89836377 13349806.581292097 14823871.423321364 13792369.798419014 4.005000114440918
60 20000.0 125000.0 3600000.0 17079087.392741144 16686345.62171253 1282740.9570999786 1283469.9959604545 0.0 0.0 6733968.080421236 6785544.094927166 4.056999921798706
61 20000.0 125000.0 3850000.0 17068396.30532876 16673062.77564149 1272049.8696881905 1270187.1498914498 0.0 0.0 6733968.080421236 6785544.094927166 4.040999889373779
62 20000.0 125000.0 4100000.0 17060982.734222043 16659851.37535018 1264636.2985831425 1256975.7496029348 0.0 0.0 6733968.080421236 6785544.094927166 3.875
63 20000.0 125000.0 4350000.0 17054525.562438242 16652405.96958374 1258179.12679761 1249530.3438337354 0.0 0.0 6733968.080421236 6785544.094927166 4.079999923706055
64 20000.0 125000.0 4600000.0 17048834.185390234 16650673.077910846 1252487.7497516617 1247797.452164356 0.0 0.0 6733968.080421236 6785544.094927166 4.2210001945495605
65 40000.0 125000.0 3600000.0 10918099.56935001 10757203.613925155 1321258.8149009892 1328721.2155545522 534462.39922654 811150.867555952 12933473.761616165 12759937.322299916 3.9570000171661377
66 40000.0 125000.0 3850000.0 10914860.523922857 10752005.281281434 1318019.7694743949 1323521.1025922708 534462.39922654 811152.6478724341 12933473.761616165 12759935.541983617 4.144000053405762
67 40000.0 125000.0 4100000.0 10912033.53489301 10746878.749472294 1315192.7804456016 1318420.3147402 534462.39922654 811126.9039143717 12933473.761616165 12759961.285941945 4.072999954223633
68 40000.0 125000.0 4350000.0 10909573.33966669 10745215.667394914 1312732.585218712 1316732.4227557667 534462.39922654 811151.71381595 12933473.761616165 12759936.476039289 4.086999893188477
69 40000.0 125000.0 4600000.0 10908525.127930516 10744472.407968303 1311684.3734838795 1315995.5611880617 534462.39922654 811145.3159632437 12933473.761616165 12759942.873892164 4.391999959945679
70 60000.0 125000.0 3600000.0 9043713.278936306 9260825.09392206 1301942.7488494941 1299065.4795525884 5413360.255281735 6129972.17848131 14788543.985982932 14226660.106301216 4.2230000495910645
71 60000.0 125000.0 3850000.0 9041275.039937453 9255713.051819645 1299504.509852805 1293950.7651451165 5413360.255281735 6129974.850791444 14788543.985982932 14226657.433991399 4.980000019073486
72 60000.0 125000.0 4100000.0 9039804.63735186 9252009.63747999 1298034.1072674468 1290249.3797446014 5413360.255281735 6129972.821847511 14788543.985982932 14226659.462934235 4.299000024795532
73 60000.0 125000.0 4350000.0 9039086.14362512 9251474.043586824 1297315.613539399 1289709.8008563535 5413360.255281735 6129976.806835965 14788543.985982932 14226655.477945248 4.5959999561309814
74 60000.0 125000.0 4600000.0 9038468.400781337 9250982.57629401 1296697.870696064 1289213.8749432852 5413360.255281735 6129981.265457665 14788543.985982932 14226651.019323882 4.046000003814697
75 80000.0 125000.0 3600000.0 7743291.793046667 8424474.41488295 1292432.131283506 1287837.436683573 10856417.46738251 12090393.637271829 16079454.85430114 15051782.742438978 4.630000114440918
76 80000.0 125000.0 3850000.0 7742030.960863632 8420968.482037779 1291171.29833199 1284374.1523362033 10856417.468150977 12090350.988763746 16079454.853532664 15051825.390942635 4.309000015258789
77 80000.0 125000.0 4100000.0 7741405.680823271 8418904.999653129 1290546.018292737 1282311.3690606595 10856417.468150977 12090350.289657263 16079454.853532664 15051826.090055123 4.210000038146973
78 80000.0 125000.0 4350000.0 7740872.769040685 8418393.874459319 1290013.1065098008 1281780.7241938468 10856417.468150977 12090369.809332922 16079454.853532664 15051806.57037548 4.305000066757202
79 80000.0 125000.0 4600000.0 7740420.480863705 8417929.794978209 1289560.8183322155 1281283.4145280158 10856417.468150977 12090403.039515823 16079454.853532664 15051773.340193914 4.069999933242798
