 A V P E_backup_full E_backup_repr E_loss_stor_full E_loss_stor_repr E_curt_full E_curt_repr E_sol_full E_sol_repr t_repr
0 20000.0 50000.0 3600000.0         2.4539999961853027
1 20000.0 50000.0 3850000.0         4.415999889373779
2 20000.0 50000.0 4100000.0         2.6989998817443848
3 20000.0 50000.0 4350000.0         2.759999990463257
4 20000.0 50000.0 4600000.0 21854538.057617407  686104.097016893  0.0  2454607.4583434663  4.20799994468689
5 40000.0 50000.0 3600000.0         6.287999868392944
6 40000.0 50000.0 3850000.0         2.8550000190734863
7 40000.0 50000.0 4100000.0         2.4579999446868896
8 40000.0 50000.0 4350000.0 19302437.06376168  716215.6111994393  0.0  4909214.916687003  2.7799999713897705
9 40000.0 50000.0 4600000.0 19292852.736871768  707110.5006525972  0.0  4909214.916687003  5.052999973297119
10 60000.0 50000.0 3600000.0         2.6579999923706055
11 60000.0 50000.0 3850000.0         2.5980000495910645
12 60000.0 50000.0 4100000.0         2.4010000228881836
13 60000.0 50000.0 4350000.0 17811136.186691366  718607.7542961141  1035479.4820265531  6328342.8930040365  2.734999895095825
14 60000.0 50000.0 4600000.0 17802734.210706  710626.0798683403  1035479.2792680231  6328343.095762514  4.796000003814697
15 80000.0 50000.0 3600000.0         3.1410000324249268
16 80000.0 50000.0 3850000.0         2.8289999961853027
17 80000.0 50000.0 4100000.0         2.4670000076293945
18 80000.0 50000.0 4350000.0 16920610.382523663  714297.4876718249  2648397.693039331  7170032.140335109  5.438000202178955
19 80000.0 50000.0 4600000.0 16912627.51586621  706713.7928141644  2648397.6645715744  7170032.16880283  4.125
20 20000.0 75000.0 3600000.0         3.3569998741149902
21 20000.0 75000.0 3850000.0         2.557000160217285
22 20000.0 75000.0 4100000.0 22088758.59971543 22173308.358343247 908613.6120130223 889671.5941023949 0.0 0.0 2454607.4583434663 2419605.7318877405 4.771000146865845
23 20000.0 75000.0 4350000.0 22076513.403140847 22168793.994227543 896980.6752662826 885406.4476343321 0.0 0.0 2454607.4583434663 2419605.7318877405 2.877999782562256
24 20000.0 75000.0 4600000.0 22065915.77019295 22164332.59563622 886912.9239635983 881191.3426719164 0.0 0.0 2454607.4583434663 2419605.7318877405 2.7669999599456787
25 40000.0 75000.0 3600000.0         2.444000005722046
26 40000.0 75000.0 3850000.0 19531371.59926638  933703.4199305788  0.0  4909214.916687003  4.4040000438690186
27 40000.0 75000.0 4100000.0 19518951.31136528 19634493.413045 921904.1464247464 910618.8769886966 0.0 0.0 4909214.916687003 4839211.46377552 2.7049999237060547
28 40000.0 75000.0 4350000.0 19509275.863559186 19630066.607045494 912712.4710092313 906436.4549361021 0.0 0.0 4909214.916687003 4839211.46377552 2.7760000228881836
29 40000.0 75000.0 4600000.0 19500730.7410772 19625679.773947198 904594.6046506382 902291.7990392704 0.0 0.0 4909214.916687003 4839211.46377552 4.789999961853027
30 60000.0 75000.0 3600000.0         2.4750001430511475
31 60000.0 75000.0 3850000.0 16966249.892479107  951445.2568258129  0.0  7363822.37503029  2.430000066757202
32 60000.0 75000.0 4100000.0 16957962.426905293 17466904.75725679 943572.16452965 931585.6548000221 0.0 350713.06929119996 7363822.37503029 6908104.126374481 2.6480000019073486
33 60000.0 75000.0 4350000.0 16950758.23037074 17466236.680860505 936728.1778227077 930961.3622484667 0.0 350706.16692782 7363822.37503029 6908111.028737421 4.814000129699707
34 60000.0 75000.0 4600000.0 16944390.194861066 17465596.94131423 930678.5440867677 930354.347696584 0.0 350708.7590369 7363822.37503029 6908108.43662812 2.815000057220459
35 80000.0 75000.0 3600000.0         3.9110000133514404
36 80000.0 75000.0 3850000.0 15859253.481663207  945875.6281544737  1408530.4967427475  8409899.336631665  2.367000102996826
37 80000.0 75000.0 4100000.0 15851705.451814318 17166893.190324496 938705.0449640356 917292.8162568195 1408530.4515759675 2501162.35518473 8409899.381798534 7177260.57237119 4.569000005722046
38 80000.0 75000.0 4350000.0 15845125.83616458 17166228.348730378 932454.2298578848 916667.0494547014 1408530.6318154398 2501159.9832882 8409899.201559104 7177262.94426503 2.9700000286102295
39 80000.0 75000.0 4600000.0 15839309.789978268 17165589.76829041 926929.1961494323 916067.3843177643 1408530.4216446078 2501156.3211023295 8409899.411729805 7177266.606452999 3.1549999713897705
40 20000.0 100000.0 3600000.0 22311826.77547999 22368973.663582917 1120528.378988685 1074535.1023599543 0.0 0.0 2454607.4583434663 2419605.7318877405 3.747999906539917
41 20000.0 100000.0 3850000.0 22293054.39661361 22364745.649854083 1102694.6190643231 1070540.4981458283 0.0 0.0 2454607.4583434663 2419605.7318877405 6.4700000286102295
42 20000.0 100000.0 4100000.0 22276630.065591466 22360602.164301943 1087091.5045940871 1066625.7556973186 0.0 0.0 2454607.4583434663 2419605.7318877405 2.746000051498413
43 20000.0 100000.0 4350000.0 22265283.95916933 22356499.335884586 1076312.7034943365 1062749.4258840505 0.0 0.0 2454607.4583434663 2419605.7318877405 2.7309999465942383
44 20000.0 100000.0 4600000.0 22255530.447990745 22352443.728336185 1067046.8678735322 1058917.71009154 0.0 0.0 2454607.4583434663 2419605.7318877405 2.7719998359680176
45 40000.0 100000.0 3600000.0 19731678.402889587 19827284.13141425 1123994.883370062 1092766.491296819 0.0 0.0 4909214.916687003 4839211.46377552 4.763000011444092
46 40000.0 100000.0 3850000.0 19716679.070479285 19823179.54704676 1109745.5175806535 1088888.502500965 0.0 0.0 4909214.916687003 4839211.46377552 2.692000150680542
47 40000.0 100000.0 4100000.0 19704926.256927256 19819125.8293891 1098580.344706457 1085058.5722617526 0.0 0.0 4909214.916687003 4839211.46377552 2.9089999198913574
48 40000.0 100000.0 4350000.0 19695960.87802665 19815101.19079631 1090063.2347509393 1081256.1157696696 0.0 0.0 4909214.916687003 4839211.46377552 2.6399998664855957
49 40000.0 100000.0 4600000.0 19688051.42990029 19811111.784974102 1082549.2590314827 1077486.946992395 0.0 0.0 4909214.916687003 4839211.46377552 3.2690000534057617
50 60000.0 100000.0 3600000.0 17160635.38852426 17292527.657395355 1136111.47806499 1117548.1956342957 0.0 0.0 7363822.37503029 7258817.19566502 2.7360000610351562
51 60000.0 100000.0 3850000.0 17149153.601652633 17288536.808323916 1125203.780538162 1113777.663290436 0.0 0.0 7363822.37503029 7258817.19566502 3.4140000343322754
52 60000.0 100000.0 4100000.0 17141456.835958913 17287005.940100107 1117891.8531284959 1112331.3073864663 0.0 0.0 7363822.37503029 7258817.19566502 4.95199990272522
53 60000.0 100000.0 4350000.0 17134761.45094862 17286406.808451854 1111531.2373688105 1111765.2510903622 0.0 0.0 7363822.37503029 7258817.19566502 2.740000009536743
54 60000.0 100000.0 4600000.0 17128851.52582024 17285831.10493727 1105916.8084981504 1111221.329556833 0.0 0.0 7363822.37503029 7258817.19566502 2.690999984741211
55 80000.0 100000.0 3600000.0 14775611.335811595 16059065.832001876 1151488.3941004 1122494.4684981515 173457.69223545006 1249291.4850809798 9644972.14113928 8429131.442472441 2.691999912261963
56 80000.0 100000.0 3850000.0 14768072.244537732 16058461.351147976 1144326.257393055 1121917.9493394534 173457.69223545006 1249296.89403585 9644972.14113928 8429126.03351823 4.9670000076293945
57 80000.0 100000.0 4100000.0 14762443.383749845 16057878.594076449 1138978.9062596157 1121376.8834276956 173457.62561836 1249287.3742654799 9644972.207756342 8429135.55328849 2.802000045776367
58 80000.0 100000.0 4350000.0 14757537.561658433 16057309.823964609 1134318.308656265 1120833.4004039532 173457.69223545006 1249293.4863942498 9644972.14113928 8429129.44115884 2.739000082015991
59 80000.0 100000.0 4600000.0 14753211.619525725 16056759.473307855 1130208.6636309342 1120315.2467695363 173457.69223545006 1249291.67174944 9644972.14113928 8429131.255804311 2.7780001163482666
60 20000.0 125000.0 3600000.0 22483473.690267336 22541232.474187575 1283592.9480340907 1237284.2827190903 0.0 0.0 2454607.4583434663 2419605.7318877405 4.81499981880188
61 20000.0 125000.0 3850000.0 22465827.15933031 22537298.60108569 1266828.743644161 1233567.5809760164 0.0 0.0 2454607.4583434663 2419605.7318877405 3.0289998054504395
62 20000.0 125000.0 4100000.0 22450376.191983704 22533450.11993549 1252150.3246668326 1229931.5570632645 0.0 0.0 2454607.4583434663 2419605.7318877405 2.7120001316070557
63 20000.0 125000.0 4350000.0 22439437.189471044 22529639.91058675 1241758.2722792386 1226331.6921407573 0.0 0.0 2454607.4583434663 2419605.7318877405 2.682999849319458
64 20000.0 125000.0 4600000.0 22430277.183366746 22525872.489739794 1233056.2664782787 1222772.2535681855 0.0 0.0 2454607.4583434663 2419605.7318877405 4.825999975204468
65 40000.0 125000.0 3600000.0 19902517.763027184 19997615.906822704 1286292.2755006743 1253695.0193791299 0.0 0.0 4909214.916687003 4839211.46377552 2.7710001468658447
66 40000.0 125000.0 3850000.0 19888372.675305746 19993797.77622937 1272854.442166341 1250087.6705280815 0.0 0.0 4909214.916687003 4839211.46377552 2.6600000858306885
67 40000.0 125000.0 4100000.0 19877055.54063746 19990031.340404894 1262103.1642328128 1246529.1625961307 0.0 0.0 4909214.916687003 4839211.46377552 2.615000009536743
68 40000.0 125000.0 4350000.0 19868578.389338206 19986292.438170187 1254049.870498045 1242996.66824976 0.0 0.0 4909214.916687003 4839211.46377552 5.036999940872192
69 40000.0 125000.0 4600000.0 19861108.601577826 19982585.21430245 1246953.572124774 1239494.1034624919 0.0 0.0 4909214.916687003 4839211.46377552 3.06000018119812
70 60000.0 125000.0 3600000.0 17330141.017795995 17460968.095454466 1297141.8258732983 1276689.7985281164 0.0 0.0 7363822.37503029 7258817.19566502 3.1579999923706055
71 60000.0 125000.0 3850000.0 17319227.80262841 17457258.34837603 1286774.2714668505 1273184.8498287098 0.0 0.0 7363822.37503029 7258817.19566502 2.7320001125335693
72 60000.0 125000.0 4100000.0 17311797.601713426 17455117.932729684 1279715.5805979592 1271162.5968494485 0.0 0.0 7363822.37503029 7258817.19566502 5.395999908447266
73 60000.0 125000.0 4350000.0 17305450.94138355 17454558.506382797 1273686.2532841377 1270634.053914818 0.0 0.0 7363822.37503029 7258817.19566502 3.1519999504089355
74 60000.0 125000.0 4600000.0 17299856.474107206 17454020.044904385 1268371.5093719224 1270125.3184572794 0.0 0.0 7363822.37503029 7258817.19566502 2.7139999866485596
75 80000.0 125000.0 3600000.0 14764806.106511075 14940457.108399102 1314681.1184999715 1310387.5379298972 0.0 4543.022936089 9818429.83337449 9673879.904618641 2.882999897003174
76 80000.0 125000.0 3850000.0 14757684.85206728 14939929.218676623 1307915.9267819026 1309888.7906237012 0.0 4543.022936089 9818429.83337449 9673879.904618641 2.6690001487731934
77 80000.0 125000.0 4100000.0 14752508.58377735 14939418.384109704 1302998.4719053518 1309406.1046557322 0.0 4543.075197243001 9818429.83337449 9673879.85235654 7.040999889373779
78 80000.0 125000.0 4350000.0 14747993.050532933 14938917.109167935 1298708.7153234142 1308932.424450376 0.0 4543.153590084999 9818429.83337449 9673879.77396284 3.7179999351501465
79 80000.0 125000.0 4600000.0 14744017.39688544 14938428.851974502 1294931.844358377 1308471.2785196987 0.0 4542.996805743 9818429.83337449 9673879.93074793 2.8429999351501465
