 A VSTC VWat E_backup_full E_backup_repr E_loss_stor_full E_loss_stor_repr E_curt_full E_curt_repr E_sol_full E_sol_repr t_repr t_comp E_demand_full E_demand_repr E_net_loss_full E_net_loss_repr E_net_pump_full E_net_pump_repr
0 25000.0 50000.0 50000.0 183442773.87683025 191287912.24301228 265110.250243975 287620.5102280628 0.0 0.0 2712626.0920522097 0.0 1.1943469999999934 0.5473819999999989 185106266.02524912 190191895.62638396 784023.6933930792 808396.1064339823 703182.1097704346 714765.4556603984
1 25000.0 100000.0 50000.0 183491953.77719548 191337721.7499025 314237.50755424856 337261.36503380554 0.0 0.0 2712626.0920522097 0.0 0.7367610000000013 0.08636300000000574 185106266.02524912 190191895.62638396 784076.3364484372 808564.7584997353 703166.8152942653 714845.147808668
2 25000.0 150000.0 50000.0 183533153.31789583 191379443.10822663 355392.8877113642 378841.45728673483 0.0 0.0 2712626.0920522097 0.0 1.1549839999999847 0.08803399999999328 185106266.02524912 190191895.62638396 784120.4969908354 808706.0245693945 703154.0009931864 714911.8994166148
3 50000.0 50000.0 50000.0 180727346.5353694 191287912.24301228 265220.20172241447 287620.5102280628 0.0 0.0 5425252.18410458 0.0 0.7371440000000007 0.08872800000000325 185106266.02524912 190191895.62638396 781112.4925056972 808396.1064339823 704027.8511376269 714765.4556603984
4 50000.0 100000.0 50000.0 180776489.3321337 191337721.7499025 314310.6717022047 337261.36503380554 0.0 0.0 5425252.18410458 0.0 0.7574850000000026 0.08951799999999821 185106266.02524912 190191895.62638396 781164.8192906412 808564.7584997353 704012.6391664316 714845.147808668
5 50000.0 150000.0 50000.0 180817667.96385133 191379443.10822663 355445.17070511077 378841.45728673483 0.0 0.0 5425252.18410458 0.0 0.740177000000017 0.0891860000000122 185106266.02524912 190191895.62638396 781208.9520047003 808706.0245693945 703999.8244430859 714911.8994166148
6 75000.0 50000.0 50000.0 178012265.37721398 191287912.24301228 265669.31391080644 287620.5102280628 0.0 0.0 8137878.27615697 0.0 0.7391520000000185 0.08919700000001285 185106266.02524912 190191895.62638396 778208.3142143881 808396.1064339823 704872.0920428571 714765.4556603984
7 75000.0 100000.0 50000.0 178061303.5525376 191337721.7499025 314658.941421362 337261.36503380554 0.0 0.0 8137878.27615697 0.0 0.7551830000000166 0.08941400000000499 185106266.02524912 190191895.62638396 778256.8620278491 808564.7584997353 704857.4820730176 714845.147808668
8 75000.0 150000.0 50000.0 178102427.04053247 191379443.10822663 355738.82112126506 378841.45728673483 0.0 0.0 8137878.27615697 0.0 0.7587689999999725 0.0892199999999832 185106266.02524912 190191895.62638396 778300.4703228021 808706.0245693945 704844.8147621297 714911.8994166148
9 100000.0 50000.0 50000.0 175298299.21601883 191287912.24301228 267237.2287109582 287620.5102280628 0.0 0.0 10850504.368211022 0.0 0.7400980000000175 0.0891860000000122 185106266.02524912 190191895.62638396 775300.3302727233 808396.1064339823 705717.226152963 714765.4556603984
10 100000.0 100000.0 50000.0 175347000.14844918 191337721.7499025 315891.4392586647 337261.36503380554 0.0 0.0 10850504.368211022 0.0 0.7525519999999801 0.08917900000000145 185106266.02524912 190191895.62638396 775347.0521554686 808564.7584997353 705702.8762572152 714845.147808668
11 100000.0 150000.0 50000.0 175387959.54024902 191379443.10822663 356807.47415722953 378841.45728673483 0.0 0.0 10850504.368211022 0.0 0.7521389999999997 0.08895400000000109 185106266.02524912 190191895.62638396 775390.4090565408 808706.0245693945 705690.2777662621 714911.8994166148
12 25000.0 50000.0 75000.0 183470454.50145084 191322680.0674319 292681.4400833806 322251.4929792969 0.0 0.0 2712626.0920522097 0.0 0.8476229999999987 0.08887500000000159 185106266.02524912 190191895.62638396 784133.1281771726 808532.948110196 691491.9722542971 689035.5338120571
13 25000.0 100000.0 75000.0 183519641.11168215 191372489.56210583 341815.8345466042 371892.3356791812 0.0 0.0 2712626.0920522097 0.0 0.7396639999999763 0.08911599999998998 185106266.02524912 190191895.62638396 784185.3439456477 808701.6000891363 691476.5423378189 689115.2249579899
14 25000.0 150000.0 75000.0 183560840.5074909 191414210.90329888 382971.07171139825 413472.4108619135 0.0 0.0 2712626.0920522097 0.0 0.7501990000000092 0.08954800000000773 185106266.02524912 190191895.62638396 784229.5025893573 808842.8661008603 691463.7193618504 689181.9765385523
15 50000.0 50000.0 75000.0 180755013.29061761 191322680.0674319 292776.21696863405 322251.4929792969 0.0 0.0 5425252.18410458 0.0 0.7400430000000142 0.08931200000000672 185106266.02524912 190191895.62638396 781223.2325106863 808532.948110196 692338.00014885 689035.5338120571
16 50000.0 100000.0 75000.0 180804180.60593095 191372489.56210583 341892.8206417568 371892.3356791812 0.0 0.0 5425252.18410458 0.0 0.7416739999999891 0.08975800000001755 185106266.02524912 190191895.62638396 781273.9441516885 808701.6000891363 692322.388293118 689115.2249579899
17 50000.0 150000.0 75000.0 180845359.0572931 191414210.90329888 383027.23765629466 413472.4108619135 0.0 0.0 5425252.18410458 0.0 0.7516830000000141 0.08943499999998039 185106266.02524912 190191895.62638396 781317.9784994356 808842.8661008603 692309.5954205252 689181.9765385523
18 75000.0 50000.0 75000.0 178039872.84873652 191322680.0674319 293165.106391114 322251.4929792969 0.0 0.0 8137878.27615697 0.0 0.7591360000000122 0.08953000000002476 185106266.02524912 190191895.62638396 778319.9932600047 808532.948110196 693183.3846638659 689035.5338120571
19 75000.0 100000.0 75000.0 178088996.59250522 191372489.56210583 342241.95182617236 371892.3356791812 0.0 0.0 8137878.27615697 0.0 0.7420850000000314 0.08929799999998522 185106266.02524912 190191895.62638396 778366.8915940452 808701.6000891363 693167.0408346716 689115.2249579899
20 75000.0 150000.0 75000.0 178130120.0890559 191414210.90329888 383322.5265890528 413472.4108619135 0.0 0.0 8137878.27615697 0.0 0.7596530000000143 0.08951799999999821 185106266.02524912 190191895.62638396 778409.8133820662 808842.8661008603 693154.5487635658 689181.9765385523
21 100000.0 50000.0 75000.0 175325708.84110144 191322680.0674319 294531.0792340316 322251.4929792969 0.0 0.0 10850504.368211022 0.0 0.8584849999999165 0.08971599999995306 185106266.02524912 190191895.62638396 775416.1048344125 808532.948110196 694033.2578751078 689035.5338120571
22 100000.0 100000.0 75000.0 175374695.27354568 191372489.56210583 343476.3924186628 371892.3356791812 0.0 0.0 10850504.368211022 0.0 0.7545440000000099 0.0892310000000407 185106266.02524912 190191895.62638396 775457.2240948031 808701.6000891363 694012.453786563 689115.2249579899
23 100000.0 150000.0 75000.0 175415655.03381014 191414210.90329888 384393.491673445 413472.4108619135 0.0 0.0 10850504.368211022 0.0 0.7560199999999782 0.0899119999999698 185106266.02524912 190191895.62638396 775499.8851045083 808842.8661008603 694000.0264929016 689181.9765385523
24 25000.0 50000.0 100000.0 183495804.6567968 191353731.35118842 317932.03321203764 353180.5630197628 0.0 0.0 2712626.0920522097 0.0 0.7570129999999722 0.09100999999998294 185106266.02524912 190191895.62638396 784232.6903948489 808655.1618666805 679786.3402650426 663283.3471406153
25 25000.0 100000.0 100000.0 183544995.8213376 191403540.81978887 367070.71854903287 402821.37967006146 0.0 0.0 2712626.0920522097 0.0 0.7466610000000173 0.08907799999997223 185106266.02524912 190191895.62638396 784285.1695995361 808823.8137934883 679770.873640399 663363.0390275795
26 25000.0 150000.0 100000.0 183586195.169796 191445262.14814517 408225.93987774797 444401.4420210169 0.0 0.0 2712626.0920522097 0.0 0.754605999999967 0.08896099999998341 185106266.02524912 190191895.62638396 784329.2967286786 808965.079761592 679758.0490064095 663429.790587534
27 50000.0 50000.0 100000.0 180780354.2445363 191353731.35118842 318017.4705043836 353180.5630197628 0.0 0.0 5425252.18410458 0.0 0.7572999999999865 0.08973900000000867 185106266.02524912 190191895.62638396 781322.9328945206 808655.1618666805 680632.3065039406 663283.3471406153
28 50000.0 100000.0 100000.0 180829537.799409 191403540.81978887 367149.9755119853 402821.37967006146 0.0 0.0 5425252.18410458 0.0 0.7598069999999666 0.08954799999997931 185106266.02524912 190191895.62638396 781373.982759205 808823.8137934883 680616.7295905271 663363.0390275795
29 50000.0 150000.0 100000.0 180870716.26480627 191445262.14814517 408284.5672659839 444401.4420210169 0.0 0.0 5425252.18410458 0.0 0.7582869999999957 0.08917800000000398 185106266.02524912 190191895.62638396 781417.8564025207 808965.079761592 680603.9377527002 663429.790587534
30 75000.0 50000.0 100000.0 178065176.02279255 191353731.35118842 318368.8058190251 353180.5630197628 0.0 0.0 8137878.27615697 0.0 0.761839000000009 0.09057999999998856 185106266.02524912 190191895.62638396 778419.467888708 808655.1618666805 681477.6076571107 663283.3471406153
31 75000.0 100000.0 100000.0 178114353.64433488 191403540.81978887 367496.6226893552 402821.37967006146 0.0 0.0 8137878.27615697 0.0 0.8551830000000109 0.0892210000000091 185106266.02524912 190191895.62638396 778469.272560209 808823.8137934883 681461.0639008153 663363.0390275795
32 75000.0 150000.0 100000.0 178155478.3239645 191445262.14814517 408580.2455765093 444401.4420210169 0.0 0.0 8137878.27615697 0.0 0.738790999999992 0.08818899999999985 185106266.02524912 190191895.62638396 778510.3293030702 808965.079761592 681448.7502751036 663429.790587534
33 100000.0 50000.0 100000.0 175350884.70362034 191353731.35118842 319608.1404240356 353180.5630197628 0.0 0.0 10850504.368211022 0.0 0.7557670000000485 0.08928600000001552 185106266.02524912 190191895.62638396 775514.9061643549 808655.1618666805 682327.1375412254 663283.3471406153
34 100000.0 100000.0 100000.0 175400052.93415207 191403540.81978887 368730.3703695586 402821.37967006146 0.0 0.0 10850504.368211022 0.0 0.7387939999999844 0.08926999999999907 185106266.02524912 190191895.62638396 775560.9067504626 808823.8137934883 682306.4272954321 663363.0390275795
35 100000.0 150000.0 100000.0 175441014.5913774 191445262.14814517 409652.3806472103 444401.4420210169 0.0 0.0 10850504.368211022 0.0 0.7409600000000296 0.08926000000002432 185106266.02524912 190191895.62638396 775600.5536986138 808965.079761592 682294.2258806375 663429.790587534
36 25000.0 50000.0 125000.0 183519555.4389378 191382293.6073171 341589.3353890057 381630.40188660304 0.0 0.0 2712626.0920522097 0.0 0.7596340000000055 0.08938599999999042 185106266.02524912 190191895.62638396 784326.1703612636 808767.5791386857 668073.2755337362 637516.2498870784
37 25000.0 100000.0 125000.0 183568746.7476093 191432103.06614655 390727.97137751937 431271.2087721279 0.0 0.0 2712626.0920522097 0.0 0.7801939999999377 0.0893809999999462 185106266.02524912 190191895.62638396 784378.8430446517 808936.2310416354 668057.9775957649 637595.9419584224
38 25000.0 150000.0 125000.0 183609948.98044983 191473824.3907818 431886.25659332384 472851.2674093842 0.0 0.0 2712626.0920522097 0.0 0.7795130000000086 0.09318400000000793 185106266.02524912 190191895.62638396 784422.79066827 809077.4969970796 668045.0025455478 637662.6935124279
39 50000.0 50000.0 125000.0 180804098.1738692 191382293.6073171 341668.1405009741 381630.40188660304 0.0 0.0 5425252.18410458 0.0 0.758119000000022 0.09179299999999557 185106266.02524912 190191895.62638396 781416.1922331268 808767.5791386857 668919.2904978546 637516.2498870784
40 50000.0 100000.0 125000.0 180853283.00316557 191432103.06614655 390800.35527868354 431271.2087721279 0.0 0.0 5425252.18410458 0.0 0.8902289999999766 0.09187500000001592 185106266.02524912 190191895.62638396 781468.8067511183 808936.2310416354 668904.0001639281 637595.9419584224
41 50000.0 150000.0 125000.0 180894471.8214101 191473824.3907818 431946.5482809678 472851.2674093842 0.0 0.0 5425252.18410458 0.0 0.768351999999993 0.0887339999999881 185106266.02524912 190191895.62638396 781511.4319938689 809077.4969970796 668890.8937022232 637662.6935124279
42 75000.0 50000.0 125000.0 178088892.58035254 191382293.6073171 341992.6011951269 381630.40188660304 0.0 0.0 8137878.27615697 0.0 0.745001000000002 0.0906880000000001 185106266.02524912 190191895.62638396 778512.2300744205 808767.5791386857 669764.6294071174 637516.2498870784
43 75000.0 100000.0 125000.0 178138072.39983803 191432103.06614655 391119.4901581247 431271.2087721279 0.0 0.0 8137878.27615697 0.0 0.759760999999969 0.08893799999998464 185106266.02524912 190191895.62638396 778565.1605967846 808936.2310416354 669749.2161143684 637595.9419584224
44 75000.0 150000.0 125000.0 178179234.05783454 191473824.3907818 432241.6291804693 472851.2674093842 0.0 0.0 8137878.27615697 0.0 0.7539869999999951 0.08962199999996301 185106266.02524912 190191895.62638396 778604.6795722421 809077.4969970796 669735.5282641082 637662.6935124279
45 100000.0 50000.0 125000.0 175374510.7318785 191382293.6073171 343141.69042564876 381630.40188660304 0.0 0.0 10850504.368211022 0.0 0.757507999999973 0.08929599999999027 185106266.02524912 190191895.62638396 775607.3844216078 808767.5791386857 670613.8525700375 637516.2498870784
46 100000.0 100000.0 125000.0 175423684.93753442 191432103.06614655 392262.6776971153 431271.2087721279 0.0 0.0 10850504.368211022 0.0 0.7600519999999165 0.09070299999996223 185106266.02524912 190191895.62638396 775660.6028057769 808936.2310416354 670598.3317951072 637595.9419584224
47 100000.0 150000.0 125000.0 175464770.68507183 191473824.3907818 433313.94357002794 472851.2674093842 0.0 0.0 10850504.368211022 0.0 0.745110000000011 0.08911399999999503 185106266.02524912 190191895.62638396 775695.0844713206 809077.4969970796 670580.9848847183 637662.6935124279
