 A VSTC VWat E_backup_full E_backup_repr E_loss_stor_full E_loss_stor_repr E_curt_full E_curt_repr E_sol_full E_sol_repr t_repr t_comp E_demand_full E_demand_repr E_net_loss_full E_net_loss_repr E_net_pump_full E_net_pump_repr
0 25000.0 50000.0 50000.0 183310509.06949827 183318388.22224036 133153.99313865625 155191.2119925673 0.0 0.0 2712626.0920522097 2704054.6615594598 5.900220999999988 2.9311270000000604 185106266.02524912 185083128.9614306 783715.1431625494 784122.7103938517 702885.9762953672 699213.3237238844
1 25000.0 100000.0 50000.0 183334628.7542251 183341529.97004232 157247.91463509438 178309.26645315945 0.0 0.0 2712626.0920522097 2704054.6615594598 3.320816000000036 0.483820000000037 185106266.02524912 185083128.9614306 783740.9063926158 784146.4037247152 702878.4780912552 698691.0246085129
2 25000.0 150000.0 50000.0 183354845.5159336 183362097.84747276 177443.01725039602 198853.25595375674 0.0 0.0 2712626.0920522097 2704054.6615594598 3.5246590000000424 0.5184470000000374 185106266.02524912 185083128.9614306 783762.5654859755 784170.2916659253 702872.1907678546 698073.7795983008
3 50000.0 50000.0 50000.0 180595085.87263668 180612476.97657707 133268.09295148178 156236.37105339294 0.0 0.0 5425252.18410458 5408109.3231192995 3.453477000000021 0.48762700000008863 185106266.02524912 185083128.9614306 780803.9385408097 781220.9672035226 703731.7186675998 699511.7378857752
4 50000.0 100000.0 50000.0 180619173.93422833 180636112.10572344 157330.67475954592 179844.84924719593 0.0 0.0 5425252.18410458 5408109.3231192995 3.966184999999996 0.5058350000000473 185106266.02524912 185083128.9614306 780829.4183247722 781247.6181644786 703724.303580952 698719.4180070489
5 50000.0 150000.0 50000.0 180639373.49082565 180654896.36036912 177508.61237023395 198609.83753215935 0.0 0.0 5425252.18410458 5408109.3231192995 3.608453999999938 0.49582599999996546 185106266.02524912 185083128.9614306 780851.0373107431 781266.8845381462 703718.0263282586 698712.5722000743
6 75000.0 50000.0 50000.0 177880015.21689016 177906084.0338214 133727.64785391698 156799.18389832036 0.0 0.0 8137878.27615697 8112163.98467867 3.2839729999999463 0.48607800000002044 185106266.02524912 185083128.9614306 777899.8199452234 778319.8731889902 704575.9521804404 700109.0904463178
7 75000.0 100000.0 50000.0 177903999.501667 177929041.37502843 157690.24268867 179730.55403284484 0.0 0.0 8137878.27615697 8112163.98467867 3.5949979999999186 0.4905079999999771 185106266.02524912 185083128.9614306 777921.5098863464 778345.8442527342 704569.1357998449 699566.6961473344
8 75000.0 150000.0 50000.0 177924147.79395875 177947878.6143549 177817.39921544734 198548.5016311173 0.0 0.0 8137878.27615697 8112163.98467867 3.538336999999956 0.4891659999999547 185106266.02524912 185083128.9614306 777942.645651299 778365.1359702633 704562.9947556431 699559.713982411
9 100000.0 50000.0 50000.0 175166054.89259169 175200236.07616913 135301.3748500168 157905.72218975233 0.0 0.0 10850504.368211022 10816218.64623999 3.3535490000000436 0.5188170000000127 185106266.02524912 185083128.9614306 774991.8607029296 775420.0388004968 705421.0763850128 700535.4755036006
10 100000.0 100000.0 50000.0 175189702.0509158 175222022.87435317 158928.74264173518 179668.81093130613 0.0 0.0 10850504.368211022 10816218.64623999 3.6597170000000006 0.5212159999999812 185106266.02524912 185083128.9614306 775011.6512350438 775443.7482418545 705414.5448662981 700413.0517317485
11 100000.0 150000.0 50000.0 175209686.9768409 175240916.12476188 178892.8036863694 198542.03679654986 0.0 0.0 10850504.368211022 10816218.64623999 3.29410699999994 0.48216899999999896 185106266.02524912 185083128.9614306 775032.5161154703 775463.7727789658 705408.4782599909 700406.8097917192
12 25000.0 50000.0 75000.0 183324910.706762 183327159.94985056 147498.46293044472 163905.93702278822 0.0 0.0 2712626.0920522097 2704054.6615594598 3.5511000000000195 0.4850940000000037 185106266.02524912 185083128.9614306 783772.3106374176 784179.7129682946 691120.4339040951 685223.2832979662
13 25000.0 100000.0 75000.0 183349037.34181467 183350696.71448046 171599.75869035922 187418.78246600533 0.0 0.0 2712626.0920522097 2704054.6615594598 4.017604000000006 0.49739800000008927 185106266.02524912 185083128.9614306 783797.6499302406 784203.6321612562 691112.7972886651 685213.8690160397
14 25000.0 150000.0 75000.0 183369254.07055524 183370539.20227447 191794.82973641477 207240.79574556393 0.0 0.0 2712626.0920522097 2704054.6615594598 3.302648999999974 0.4832490000000007 185106266.02524912 185083128.9614306 783819.3076240845 784224.1066717068 691106.502885408 685211.2688831167
15 50000.0 50000.0 75000.0 180609473.6325843 180620163.27661294 147597.36600401788 163867.43379927747 0.0 0.0 5425252.18410458 5408109.3231192995 3.5256939999999304 0.4905749999999216 185106266.02524912 185083128.9614306 780862.4254386767 781276.2045172623 691966.465112945 686078.4282856709
16 50000.0 100000.0 75000.0 180633586.4877608 180643654.1845723 171686.38275739993 187334.0959503291 0.0 0.0 5425252.18410458 5408109.3231192995 3.2438540000000557 0.48458900000002814 185106266.02524912 185083128.9614306 780886.2638628283 781300.4503307061 691958.6477496687 686064.904774788
17 50000.0 150000.0 75000.0 180653785.91781867 180663281.53291354 191864.27694774803 206941.43350185605 0.0 0.0 5425252.18410458 5408109.3231192995 3.450245999999879 0.49110799999994015 185106266.02524912 185083128.9614306 780907.7997294333 781320.461108849 691952.3891934843 686134.5162561039
18 75000.0 50000.0 75000.0 177894343.61887008 177913214.40347728 147996.60828852444 163875.34256087753 0.0 0.0 8137878.27615697 8112163.98467867 3.4587569999999914 0.48345899999992525 185106266.02524912 185083128.9614306 777959.2614940819 778374.0841711593 692811.8744121733 686935.9613552442
19 75000.0 100000.0 75000.0 177918414.9870622 177936695.39992392 172047.91015808177 187332.71536289382 0.0 0.0 8137878.27615697 8112163.98467867 3.254173999999921 0.4828749999999218 185106266.02524912 185083128.9614306 777979.3278174113 778397.7078186764 692803.2724705632 686922.041262086
20 75000.0 150000.0 75000.0 177938563.1417418 177956332.39998195 192175.66874861345 206949.56602789427 0.0 0.0 8137878.27615697 8112163.98467867 3.5179859999999508 0.48328799999990224 185106266.02524912 185083128.9614306 777999.7239054737 778417.8572161588 692797.321175377 686986.2376200635
21 100000.0 50000.0 75000.0 175180185.57566905 175206588.75647736 149368.473372437 164204.99809516603 0.0 0.0 10850504.368211022 10816218.64623999 3.479269000000045 0.482434000000012 185106266.02524912 185083128.9614306 775055.4452607976 775473.443200895 693661.7543097622 687708.6334482052
22 100000.0 100000.0 75000.0 175204120.3505621 175229534.03585097 173289.12171034387 187129.29786452593 0.0 0.0 10850504.368211022 10816218.64623999 3.2553340000000617 0.4823959999999943 185106266.02524912 185083128.9614306 775069.5718162254 775494.4228125768 693648.7096480057 687879.008532612
23 100000.0 150000.0 75000.0 175224105.43436563 175249051.3425667 193254.0358343716 206627.06384756064 0.0 0.0 10850504.368211022 10816218.64623999 3.715155999999979 0.48365100000000893 185106266.02524912 185083128.9614306 775089.7414954295 775513.9635391395 693642.8148805605 687977.6882844457
24 25000.0 50000.0 100000.0 183338424.0773828 183337071.36923525 160958.8507833147 173771.81860673463 0.0 0.0 2712626.0920522097 2704054.6615594598 4.077822000000083 0.5101930000000721 185106266.02524912 185083128.9614306 783825.2934047703 784225.2507658162 679347.6179429359 674031.6863180201
25 25000.0 100000.0 100000.0 183362555.41252813 183361119.82073346 185064.60352488235 197794.50392796414 0.0 0.0 2712626.0920522097 2704054.6615594598 4.524609000000055 0.5203709999999546 185106266.02524912 185083128.9614306 783850.8758082854 784251.0169348902 679339.9595474697 674023.5932027496
26 25000.0 150000.0 100000.0 183382772.16431752 183381266.3921149 205259.71675931764 217919.4720405227 0.0 0.0 2712626.0920522097 2704054.6615594598 3.5752540000000863 0.5205829999999878 185106266.02524912 185083128.9614306 783872.5143626431 784272.620213671 679333.6533539239 674017.1542691599
27 50000.0 50000.0 100000.0 180622977.8281921 180630025.21123803 161048.41082338305 173683.08079574382 0.0 0.0 5425252.18410458 5408109.3231192995 3.1736459999999624 0.4028919999999516 185106266.02524912 185083128.9614306 780915.5762253546 781322.4921296989 680193.578735866 674918.0370508821
28 50000.0 100000.0 100000.0 180647107.13819745 180654087.01034838 185153.55878506435 197719.24646447567 0.0 0.0 5425252.18410458 5408109.3231192995 4.283137000000011 0.4052609999999959 185106266.02524912 185083128.9614306 780939.7382692285 781348.1255817922 680185.7999619179 674904.9544269057
29 50000.0 150000.0 100000.0 180667306.5598989 180674245.08009338 205331.65348396762 217855.66631837076 0.0 0.0 5425252.18410458 5408109.3231192995 4.1002509999999575 0.5195410000000038 185106266.02524912 185083128.9614306 780961.0652717316 781369.7754674762 680179.5589601079 674893.552913205
30 75000.0 50000.0 100000.0 177907810.14616933 177923416.45157817 161410.16411537255 174028.9043794814 0.0 0.0 8137878.27615697 8112163.98467867 3.5650849999999537 0.49983499999996184 185106266.02524912 185083128.9614306 778012.2329638414 778422.5704521668 681038.892645821 675686.219259513
31 75000.0 100000.0 100000.0 177931936.34249124 177947448.6458789 185513.33562691128 198035.44790639787 0.0 0.0 8137878.27615697 8112163.98467867 3.5172770000000355 0.512518 185106266.02524912 185083128.9614306 778035.2577735307 778448.2212305483 681030.1328630289 675681.4832009851
32 75000.0 150000.0 100000.0 177952085.6162746 177967576.97339076 205644.27817344558 218142.96646929233 0.0 0.0 8137878.27615697 8112163.98467867 3.2656840000000784 0.4813219999999774 185106266.02524912 185083128.9614306 778053.5890103289 778469.0301740407 681024.3597681591 675678.6822236192
33 100000.0 50000.0 100000.0 175193524.7786732 175216805.4687588 162655.54387423614 174373.80799345457 0.0 0.0 10850504.368211022 10816218.64623999 4.270805999999993 0.48592599999994945 185106266.02524912 185083128.9614306 775107.5777608174 775521.3455933407 681888.4767800461 676470.2095894708
34 100000.0 100000.0 100000.0 175217643.09708297 175240837.826214 186754.8532815661 198380.53944602032 0.0 0.0 10850504.368211022 10816218.64623999 3.2779339999999593 0.49203299999999217 185106266.02524912 185083128.9614306 775126.5867627604 775546.9715944129 681875.4917382813 676463.7659209841
35 100000.0 150000.0 100000.0 175237629.8524462 175260907.15163502 206724.39737848405 218429.02373330493 0.0 0.0 10850504.368211022 10816218.64623999 3.5200760000000173 0.49081300000000283 185106266.02524912 185083128.9614306 775143.7980298257 775567.8127164957 681869.8399009474 676480.8020981533
36 25000.0 50000.0 125000.0 183351307.31761336 183349358.04204258 173791.39311633038 186010.03002876166 0.0 0.0 2712626.0920522097 2704054.6615594598 3.5200419999998758 0.48391099999992093 185106266.02524912 185083128.9614306 783875.9913023227 784273.7121353814 667572.893486373 662505.8275066491
37 25000.0 100000.0 125000.0 183375438.9109964 183373406.64336208 197897.11157779788 210032.84202556033 0.0 0.0 2712626.0920522097 2704054.6615594598 3.3570549999999457 0.5176969999999983 185106266.02524912 185083128.9614306 783901.8662238248 784299.5014732652 667565.3762204478 662497.7101103717
38 25000.0 150000.0 125000.0 183395658.61625096 183393553.1721563 218095.444532416 230157.78676482255 0.0 0.0 2712626.0920522097 2704054.6615594598 3.4225320000000465 0.4830970000000434 185106266.02524912 185083128.9614306 783923.2385231836 784321.0855299322 667558.9457987897 662491.4729452931
39 50000.0 50000.0 125000.0 180635854.19869825 180642357.92207015 173874.33233554193 185967.155988074 0.0 0.0 5425252.18410458 5408109.3231192995 3.253039000000058 0.48584600000003775 185106266.02524912 185083128.9614306 780966.0252197395 781371.1277869198 668418.9112543084 663376.335044572
40 50000.0 100000.0 125000.0 180659984.8706769 180666407.8787805 197979.13275185172 209991.3174658359 0.0 0.0 5425252.18410458 5408109.3231192995 3.5385089999999764 0.4847690000000284 185106266.02524912 185083128.9614306 780991.8967817484 781396.9230107147 668411.3926856088 663367.3778248836
41 50000.0 150000.0 125000.0 180680194.75432175 180686558.38699573 218169.02172316055 230120.40052789275 0.0 0.0 5425252.18410458 5408109.3231192995 3.443051999999966 0.48261700000000474 185106266.02524912 185083128.9614306 781011.8914562046 781418.348159278 668404.8447710054 663359.1336784001
42 75000.0 50000.0 125000.0 177920659.27212507 177935516.99848783 174209.33173875653 186081.72312135174 0.0 0.0 8137878.27615697 8112163.98467867 3.226335000000063 0.48305200000004334 185106266.02524912 185083128.9614306 778062.1912963545 778470.2986148732 669264.2616313151 664229.2955124713
43 75000.0 100000.0 125000.0 177944787.54561302 177959562.34893867 198311.52677735424 210101.29231724938 0.0 0.0 8137878.27615697 8112163.98467867 4.281814999999938 0.48325499999998556 185106266.02524912 185083128.9614306 778088.2697455247 778496.0798800662 669256.6576691518 664220.027600687
44 75000.0 150000.0 125000.0 177964974.80465806 177979705.41073018 218481.85467809165 230223.09851701997 0.0 0.0 8137878.27615697 8112163.98467867 3.305148000000031 0.4891649999999572 185106266.02524912 185083128.9614306 778105.2008901692 778517.3354687217 669249.4670624965 664212.8336768594
45 100000.0 50000.0 125000.0 175206283.63127267 175228692.698373 175364.5615270368 186214.1496739232 0.0 0.0 10850504.368211022 10816218.64623999 3.5648879999999963 0.48362599999995837 185106266.02524912 185083128.9614306 775157.4127084984 775568.2335187906 670113.4928318042 665085.279156985
46 100000.0 100000.0 125000.0 175230407.49360952 175252733.82420203 199462.26933138786 210229.5002345363 0.0 0.0 10850504.368211022 10816218.64623999 3.509667000000036 0.48371499999996104 185106266.02524912 185083128.9614306 775183.5672407008 775594.0087745903 670105.8555404018 665076.0107796214
47 100000.0 150000.0 125000.0 175250519.9067355 175272875.15514174 219562.70670435225 230349.32385268307 0.0 0.0 10850504.368211022 10816218.64623999 3.2542949999999564 0.4893899999999576 185106266.02524912 185083128.9614306 775195.5429929785 775615.516088485 670094.9415289272 665068.4462447128
